2016	8	11	20	0	25	2	1	30
2016	8	11	20	0	54	5	1	30
2016	8	11	20	1	58	6	-	20
2016	8	11	20	2	26	2	1	0
2016	8	11	20	2	57	2	1	25
2016	8	11	20	3	12	6	-	0
2016	8	11	20	6	3	2	1	40
2016	8	11	20	6	21	6	1	25
2016	8	11	20	6	28	2	-	50
2016	8	11	20	6	40	2	1	25
2016	8	11	20	6	40	4	1	35
2016	8	11	20	6	41	6	-	0
2016	8	11	20	7	34	5	1	0
2016	8	11	20	7	35	6	1	-20
2016	8	11	20	7	46	2	1	5
2016	8	11	20	7	55	1	1	15
2016	8	11	20	7	55	4	1	10
2016	8	11	20	7	56	5	1	10
2016	8	11	20	7	58	6	-	10
2016	8	11	20	10	4	1	-	45
2016	8	11	20	10	41	6	1	25
2016	8	11	20	12	31	6	-	40
2016	8	11	20	13	10	1	1	25
2016	8	11	20	13	10	2	1	20
2016	8	11	20	13	10	5	1	35
2016	8	11	20	13	11	4	1	30
2016	8	11	20	13	45	5	-	30
2016	8	11	20	13	46	6	1	20
2016	8	11	20	14	38	1	-	40
2016	8	11	20	16	1	1	1	0
2016	8	11	20	16	1	2	1	-20
2016	8	11	20	16	1	6	1	-10
2016	8	11	20	16	2	4	1	-10
2016	8	11	20	19	1	6	1	10
2016	8	11	20	21	15	1	-	35
2016	8	11	20	22	40	4	-	45
2016	8	11	20	22	53	5	1	35
2016	8	11	20	25	1	5	1	40
2016	8	11	20	26	16	4	1	0
2016	8	11	20	27	25	6	-	25
2016	8	11	20	29	35	2	1	-20
2016	8	11	20	29	35	6	1	10
2016	8	11	20	30	0	2	1	0
2016	8	11	20	30	43	2	-	0
2016	8	11	20	30	48	1	1	15
2016	8	11	20	30	53	2	1	5
2016	8	11	20	30	59	4	-	15
2016	8	11	20	31	8	2	1	10
2016	8	11	20	31	21	5	-	30
2016	8	11	20	31	28	5	1	25
2016	8	11	20	33	52	3	-	5
2016	8	11	20	33	52	5	1	15
2016	8	11	20	33	52	6	1	-10
2016	8	11	20	33	53	4	-	15
2016	8	11	20	35	29	4	-	10
2016	8	11	20	35	29	5	1	20
2016	8	11	20	37	12	1	1	20
2016	8	11	20	37	12	3	-	20
2016	8	11	20	37	12	4	-	-15
2016	8	11	20	37	13	2	1	10
2016	8	11	20	37	33	3	-	35
2016	8	11	20	38	14	3	-	5
2016	8	11	20	38	14	6	1	5
2016	8	11	20	40	8	1	1	30
2016	8	11	20	40	10	2	1	25
2016	8	11	20	40	26	5	1	40
2016	8	11	20	40	27	2	1	40
2016	8	11	20	40	27	4	1	5
2016	8	11	20	45	0	6	1	45
2016	8	11	20	49	21	4	1	5
2016	8	11	20	49	42	2	1	5
2016	8	11	20	50	18	2	1	35
2016	8	11	20	50	18	4	-	0
2016	8	11	20	50	26	2	1	35
2016	8	11	20	50	54	5	1	30
2016	8	11	20	50	54	6	1	10
2016	8	11	20	50	55	2	1	35
2016	8	11	20	50	55	4	1	30
2016	8	11	20	50	56	1	-	5
2016	8	11	20	50	56	2	1	20
2016	8	11	20	50	57	4	1	30
2016	8	11	20	51	8	1	-	0
2016	8	11	20	52	40	6	-	55
2016	8	11	20	52	55	2	1	10
2016	8	11	20	53	0	3	-	35
2016	8	11	20	53	27	1	1	-10
2016	8	11	20	53	28	5	1	-15
2016	8	11	20	55	11	2	1	15
2016	8	11	20	55	11	4	1	20
2016	8	11	20	58	4	1	-	20
2016	8	11	21	16	47	2	-	40
2016	8	11	21	17	42	2	1	10
2016	8	11	21	17	42	3	1	0
2016	8	11	21	17	42	5	1	-10
2016	8	11	21	18	48	3	-	35
2016	8	11	21	19	7	2	1	20
2016	8	11	21	20	8	3	1	25
2016	8	11	21	20	9	6	1	10
2016	8	11	21	25	3	2	1	30
2016	8	11	21	25	24	6	1	15
2016	8	11	21	25	25	2	1	20
2016	8	11	21	25	25	3	-	15
2016	8	11	21	25	25	4	1	25
2016	8	11	21	25	55	2	-	30
2016	8	11	21	25	55	4	-	30
2016	8	11	21	26	45	2	1	10
2016	8	11	21	26	45	3	-	0
2016	8	11	21	26	45	6	1	-5
2016	8	11	21	26	56	5	1	30
2016	8	11	21	28	2	2	-	15
2016	8	11	21	28	2	4	1	15
2016	8	11	21	28	23	2	1	0
2016	8	11	21	28	50	3	-	35
2016	8	11	21	28	50	5	1	35
2016	8	11	21	28	50	6	1	20
2016	8	11	21	29	37	3	-	35
2016	8	11	21	29	37	4	1	35
2016	8	11	21	29	37	5	1	45
2016	8	11	21	29	37	6	-	30
2016	8	11	21	29	47	2	1	10
2016	8	11	21	29	50	2	1	30
2016	8	11	21	29	51	3	-	5
2016	8	11	21	29	52	6	1	35
2016	8	11	21	32	36	3	-	20
2016	8	11	21	32	36	6	-	25
2016	8	11	21	32	37	5	-	45
2016	8	11	21	33	31	3	1	40
2016	8	11	21	33	31	6	1	35
2016	8	11	21	34	42	2	1	20
2016	8	11	21	34	42	3	1	30
2016	8	11	21	34	42	4	1	20
2016	8	11	21	35	19	2	-	20
2016	8	11	21	36	13	3	1	5
2016	8	11	21	36	13	4	1	15
2016	8	11	21	36	13	5	1	10
2016	8	11	21	36	43	5	1	20
2016	8	11	21	37	16	3	1	15
2016	8	11	21	37	16	6	1	0
2016	8	11	21	37	28	2	1	5
2016	8	11	21	37	28	4	1	10
2016	8	11	21	37	28	5	1	25
2016	8	11	21	37	43	5	1	-10
2016	8	11	21	38	24	3	1	-10
2016	8	11	21	38	24	6	1	-30
2016	8	11	21	38	25	2	1	-20
2016	8	11	21	38	25	5	-	-15
2016	8	11	21	38	27	4	-	-20
2016	8	11	21	39	58	4	-	40
2016	8	11	21	40	18	3	-	20
2016	8	11	21	40	18	6	1	15
2016	8	11	21	40	58	3	1	0
2016	8	11	21	40	58	5	1	-25
2016	8	11	21	40	58	6	1	10
2016	8	11	21	41	8	2	-	25
2016	8	11	21	41	9	6	-	25
2016	8	11	21	42	35	3	1	30
2016	8	11	21	43	49	4	1	20
2016	8	11	21	43	51	6	-	30
2016	8	11	21	45	22	3	1	0
2016	8	11	21	45	22	6	-	-10
2016	8	11	21	45	23	2	1	15
2016	8	11	21	45	23	4	1	10
2016	8	11	21	47	26	3	-	40
2016	8	11	21	47	27	6	1	20
2016	8	11	21	48	4	2	1	10
2016	8	11	21	48	4	4	1	10
2016	8	11	21	49	22	3	1	25
2016	8	11	21	49	23	4	1	40
2016	8	11	21	50	7	3	1	0
2016	8	11	21	50	8	4	1	5
2016	8	11	21	50	8	5	1	5
2016	8	11	21	53	0	6	-	0
2016	8	11	21	53	1	3	1	10
2016	8	11	21	53	31	5	1	-20
2016	8	11	21	54	4	3	-	0
2016	8	11	21	54	10	3	1	30
2016	8	11	21	55	7	3	1	-5
2016	8	11	21	55	8	5	1	40
2016	8	11	21	55	12	2	1	10
2016	8	11	21	55	12	3	-	0
2016	8	11	21	55	12	5	1	-10
2016	8	11	21	55	12	5	1	0
2016	8	11	21	55	12	6	1	30
2016	8	11	21	55	58	3	1	25
2016	8	11	21	55	58	6	1	10
2016	8	11	21	56	10	4	1	0
2016	8	11	21	56	10	5	1	25
2016	8	11	21	56	10	7	1	15
2016	8	11	21	56	11	2	1	10
2016	8	11	21	56	48	3	1	30
2016	8	11	21	56	48	6	1	20
2016	8	11	21	56	49	4	1	25
2016	8	11	21	57	42	3	1	10
2016	8	11	21	57	42	6	1	10
2016	8	11	21	57	42	7	1	25
2016	8	11	21	57	43	2	1	15
2016	8	11	21	57	55	3	-	-10
2016	8	11	21	58	28	3	-	35
2016	8	11	21	58	30	3	-	-5
2016	8	11	21	58	30	6	-	40
2016	8	11	21	59	37	3	-	20
2016	8	11	21	59	37	6	1	0
2016	8	11	21	59	48	7	1	30
2016	8	11	22	0	13	3	1	20
2016	8	11	22	0	14	6	-	45
2016	8	11	22	0	27	3	-	10
2016	8	11	22	1	46	3	1	15
2016	8	11	22	2	14	3	1	5
2016	8	11	22	2	14	4	1	25
2016	8	11	22	2	14	6	1	10
2016	8	11	22	4	44	3	-	35
2016	8	11	22	4	49	6	1	10
2016	8	11	22	4	50	7	1	35
2016	8	11	22	5	25	3	-	25
2016	8	11	22	6	14	3	-	20
2016	8	11	22	6	14	6	1	45
2016	8	11	22	7	37	4	-	10
2016	8	11	22	7	37	7	-	10
2016	8	11	22	8	28	4	1	40
2016	8	11	22	9	50	3	1	25
2016	8	11	22	10	30	6	1	0
2016	8	11	22	11	12	3	1	20
2016	8	11	22	11	13	4	1	35
2016	8	11	22	11	13	5	1	35
2016	8	11	22	12	10	3	1	20
2016	8	11	22	12	11	2	1	20
2016	8	11	22	12	12	4	1	40
2016	8	11	22	13	0	2	1	15
2016	8	11	22	13	13	4	-	10
2016	8	11	22	13	13	5	-	0
2016	8	11	22	14	6	6	1	30
2016	8	11	22	14	59	6	1	30
2016	8	11	22	30	5	3	1	30
2016	8	11	22	30	42	2	1	10
2016	8	11	22	30	44	5	1	40
2016	8	11	22	30	45	2	1	30
2016	8	11	22	30	45	2	1	40
2016	8	11	22	30	53	2	-	10
2016	8	11	22	31	18	5	1	35
2016	8	11	22	31	22	1	-	40
2016	8	11	22	31	51	3	1	10
2016	8	11	22	31	52	2	1	30
2016	8	11	22	31	54	1	1	10
2016	8	11	22	31	54	2	1	25
2016	8	11	22	32	39	3	1	0
2016	8	11	22	32	40	3	-	-10
2016	8	11	22	33	2	5	-	40
2016	8	11	22	33	7	1	-	0
2016	8	11	22	34	56	5	-	40
2016	8	11	22	34	57	1	1	-20
2016	8	11	22	34	57	2	1	5
2016	8	11	22	34	57	3	1	5
2016	8	11	22	34	57	7	1	10
2016	8	11	22	34	58	4	1	0
2016	8	11	22	36	13	1	1	25
2016	8	11	22	36	13	2	1	20
2016	8	11	22	36	13	5	1	35
2016	8	11	22	36	13	7	1	20
2016	8	11	22	36	29	5	1	-25
2016	8	11	22	36	46	5	1	25
2016	8	11	22	36	50	3	1	10
2016	8	11	22	36	55	7	1	40
2016	8	11	22	37	27	7	-	-5
2016	8	11	22	37	31	7	1	10
2016	8	11	22	38	1	3	-	-15
2016	8	11	22	38	1	5	1	-20
2016	8	11	22	38	4	7	-	-5
2016	8	11	22	38	14	7	-	15
2016	8	11	22	38	19	2	1	30
2016	8	11	22	38	29	4	-	5
2016	8	11	22	38	29	5	1	30
2016	8	11	22	38	30	2	1	0
2016	8	11	22	38	30	7	-	-15
2016	8	11	22	38	38	2	-	35
2016	8	11	22	39	10	2	1	40
2016	8	11	22	39	14	2	1	30
2016	8	11	22	39	26	7	1	20
2016	8	11	22	40	5	2	1	20
2016	8	11	22	40	5	7	1	30
2016	8	11	22	40	19	1	1	25
2016	8	11	22	40	20	2	1	25
2016	8	11	22	40	20	7	1	35
2016	8	11	22	40	24	3	1	40
2016	8	11	22	40	28	3	-	-15
2016	8	11	22	41	6	3	1	5
2016	8	11	22	41	6	4	-	5
2016	8	11	22	41	19	2	1	40
2016	8	11	22	41	45	3	-	5
2016	8	11	22	41	51	3	-	0
2016	8	11	22	41	51	4	1	15
2016	8	11	22	41	51	6	1	40
2016	8	11	22	41	52	5	1	50
2016	8	11	22	42	27	2	1	30
2016	8	11	22	42	39	2	1	35
2016	8	11	22	42	39	4	-	0
2016	8	11	22	42	39	7	1	35
2016	8	11	22	42	48	2	1	10
2016	8	11	22	42	48	3	1	15
2016	8	11	22	42	48	6	1	5
2016	8	11	22	43	3	1	1	-10
2016	8	11	22	43	3	3	1	-5
2016	8	11	22	43	3	5	1	-20
2016	8	11	22	43	16	7	1	50
2016	8	11	22	43	17	1	1	35
2016	8	11	22	43	28	3	-	20
2016	8	11	22	43	28	4	1	5
2016	8	11	22	43	32	1	1	15
2016	8	11	22	43	32	2	1	10
2016	8	11	22	43	32	3	1	15
2016	8	11	22	43	32	6	-	0
2016	8	11	22	43	32	7	1	20
2016	8	11	22	43	34	4	-	5
2016	8	11	22	43	58	6	1	20
2016	8	11	22	44	2	6	1	20
2016	8	11	22	44	2	7	1	15
2016	8	11	22	44	5	2	1	25
2016	8	11	22	44	13	1	-	40
2016	8	11	22	44	16	1	1	-10
2016	8	11	22	44	16	2	1	5
2016	8	11	22	44	16	7	1	5
2016	8	11	22	44	19	2	-	0
2016	8	11	22	44	52	6	1	10
2016	8	11	22	44	53	6	-	-10
2016	8	11	22	45	12	4	1	0
2016	8	11	22	45	13	2	1	35
2016	8	11	22	45	13	6	1	0
2016	8	11	22	45	26	4	-	15
2016	8	11	22	45	31	5	1	40
2016	8	11	22	46	34	3	1	0
2016	8	11	22	46	35	6	1	30
2016	8	11	22	47	2	1	1	10
2016	8	11	22	47	2	2	1	5
2016	8	11	22	47	2	6	1	15
2016	8	11	22	47	2	7	1	15
2016	8	11	22	47	3	4	1	5
2016	8	11	22	47	17	6	1	20
2016	8	11	22	47	18	6	-	-15
2016	8	11	22	47	18	7	-	0
2016	8	11	22	48	10	6	1	0
2016	8	11	22	48	12	2	1	20
2016	8	11	22	48	12	7	1	25
2016	8	11	22	48	15	3	1	10
2016	8	11	22	48	19	1	1	20
2016	8	11	22	48	19	2	1	40
2016	8	11	22	48	20	7	-	0
2016	8	11	22	48	23	1	1	-15
2016	8	11	22	48	23	5	1	25
2016	8	11	22	48	46	2	1	45
2016	8	11	22	48	46	7	-	5
2016	8	11	22	48	57	6	1	40
2016	8	11	22	49	27	3	-	45
2016	8	11	22	49	39	3	1	40
2016	8	11	22	49	42	3	1	30
2016	8	11	22	49	44	1	1	0
2016	8	11	22	49	44	4	-	5
2016	8	11	22	49	44	5	1	-10
2016	8	11	22	49	45	3	1	20
2016	8	11	22	50	3	6	1	50
2016	8	11	22	50	7	1	-	45
2016	8	11	22	50	44	7	1	5
2016	8	11	22	50	47	2	1	30
2016	8	11	22	51	7	4	-	15
2016	8	11	22	51	14	3	-	25
2016	8	11	22	52	11	5	1	20
2016	8	11	22	52	13	3	1	20
2016	8	11	22	52	39	2	1	0
2016	8	11	22	52	39	7	1	15
2016	8	11	22	53	7	5	1	45
2016	8	11	22	53	26	2	1	30
2016	8	11	22	53	37	5	1	-5
2016	8	11	22	53	47	3	1	50
2016	8	11	22	53	47	6	1	40
2016	8	11	22	54	9	6	-	45
2016	8	11	22	54	10	1	1	35
2016	8	11	22	54	13	2	1	30
2016	8	11	22	54	13	4	1	5
2016	8	11	22	54	14	4	-	0
2016	8	11	22	54	14	7	-	10
2016	8	11	22	54	15	2	1	35
2016	8	11	22	54	41	1	1	10
2016	8	11	22	54	41	4	-	0
2016	8	11	22	54	41	5	1	30
2016	8	11	22	54	47	3	1	50
2016	8	11	22	54	54	2	1	45
2016	8	11	22	54	54	7	1	25
2016	8	11	22	55	25	6	1	35
2016	8	11	22	55	30	3	1	20
2016	8	11	22	55	31	6	1	0
2016	8	11	22	56	0	5	1	25
2016	8	11	22	56	0	6	1	15
2016	8	11	22	56	1	3	1	30
2016	8	11	22	56	7	7	1	35
2016	8	11	22	56	8	2	1	35
2016	8	11	22	56	15	1	1	20
2016	8	11	22	56	37	2	1	15
2016	8	11	22	56	37	7	1	20
2016	8	11	22	57	12	3	-	40
2016	8	11	22	57	16	2	-	25
2016	8	11	22	57	16	3	-	35
2016	8	11	22	57	16	4	1	-5
2016	8	11	22	57	16	6	-	30
2016	8	11	22	57	16	6	1	15
2016	8	11	22	57	17	1	1	15
2016	8	11	22	57	17	2	1	10
2016	8	11	22	57	17	5	1	20
2016	8	11	22	57	17	6	-	0
2016	8	11	22	57	18	4	-	50
2016	8	11	22	57	30	4	1	5
2016	8	11	22	57	31	3	1	40
2016	8	11	22	58	31	7	1	0
2016	8	11	22	58	32	2	1	15
2016	8	11	22	58	32	7	1	30
2016	8	11	22	58	34	1	1	15
2016	8	11	22	59	0	3	-	20
2016	8	11	22	59	0	6	-	35
2016	8	11	22	59	21	3	-	40
2016	8	11	22	59	50	3	1	35
2016	8	11	22	59	50	4	-	5
2016	8	11	22	59	50	6	1	40
2016	8	11	23	0	18	2	1	20
2016	8	11	23	0	27	3	1	20
2016	8	11	23	0	27	4	1	5
2016	8	11	23	0	27	6	1	25
2016	8	11	23	1	12	7	1	20
2016	8	11	23	1	16	3	1	15
2016	8	11	23	1	16	4	1	5
2016	8	11	23	1	16	5	1	15
2016	8	11	23	1	16	6	1	25
2016	8	11	23	1	31	2	1	25
2016	8	11	23	1	35	1	-	5
2016	8	11	23	1	35	2	1	20
2016	8	11	23	1	35	4	-	35
2016	8	11	23	1	35	5	1	10
2016	8	11	23	1	51	3	1	-20
2016	8	11	23	1	51	5	1	-25
2016	8	11	23	2	20	1	1	40
2016	8	11	23	2	20	4	-	0
2016	8	11	23	2	20	5	1	40
2016	8	11	23	2	20	6	1	35
2016	8	11	23	2	20	7	1	30
2016	8	11	23	2	28	3	1	-10
2016	8	11	23	2	29	5	1	-15
2016	8	11	23	2	35	1	1	0
2016	8	11	23	2	53	4	-	5
2016	8	11	23	2	59	6	1	35
2016	8	11	23	3	0	2	1	35
2016	8	11	23	3	7	5	1	0
2016	8	11	23	3	30	7	1	30
2016	8	11	23	3	31	2	1	40
2016	8	11	23	3	34	3	1	20
2016	8	11	23	4	22	3	1	50
2016	8	11	23	4	32	3	1	0
2016	8	11	23	4	33	7	1	25
2016	8	11	23	4	34	2	1	20
2016	8	11	23	4	59	5	1	-30
2016	8	11	23	5	14	3	1	35
2016	8	11	23	5	20	6	1	20
2016	8	11	23	5	21	3	1	40
2016	8	11	23	5	22	2	1	45
2016	8	11	23	5	29	2	-	45
2016	8	11	23	5	42	1	1	30
2016	8	11	23	6	8	3	1	10
2016	8	11	23	6	8	6	1	15
2016	8	11	23	6	8	6	1	20
2016	8	11	23	6	12	3	1	25
2016	8	11	23	6	29	4	1	30
2016	8	11	23	7	16	2	1	35
2016	8	11	23	7	37	1	1	20
2016	8	11	23	7	37	2	1	15
2016	8	11	23	7	37	7	1	20
2016	8	11	23	9	15	7	-	20
2016	8	11	23	9	35	3	1	35
2016	8	11	23	9	44	3	-	25
2016	8	11	23	9	51	3	-	0
2016	8	11	23	9	54	7	1	30
2016	8	11	23	10	6	3	1	15
2016	8	11	23	10	7	2	1	20
2016	8	11	23	10	7	4	1	20
2016	8	11	23	10	8	7	1	20
2016	8	11	23	10	17	3	-	40
2016	8	11	23	10	21	5	1	20
2016	8	11	23	10	22	4	1	25
2016	8	11	23	10	46	2	-	15
2016	8	11	23	10	46	3	1	20
2016	8	11	23	10	46	7	1	15
2016	8	11	23	10	59	2	1	40
2016	8	11	23	11	1	3	1	35
2016	8	11	23	11	18	2	-	30
2016	8	11	23	11	19	7	1	30
2016	8	11	23	11	31	1	1	35
2016	8	11	23	11	31	5	1	15
2016	8	11	23	11	36	2	1	20
2016	8	11	23	11	36	3	1	-10
2016	8	11	23	11	36	7	1	20
2016	8	11	23	11	39	1	1	40
2016	8	11	23	11	49	1	-	45
2016	8	11	23	11	49	5	1	30
2016	8	11	23	12	12	2	1	15
2016	8	11	23	12	12	3	1	10
2016	8	11	23	12	38	3	1	10
2016	8	11	23	12	39	5	1	35
2016	8	11	23	12	44	3	-	15
2016	8	11	23	12	45	5	-	5
2016	8	11	23	12	47	3	1	5
2016	8	11	23	13	4	3	1	35
2016	8	11	23	13	9	5	-	0
2016	8	11	23	13	20	3	1	40
2016	8	11	23	13	51	1	1	25
2016	8	11	23	13	51	4	1	-10
2016	8	11	23	13	56	5	1	10
2016	8	11	23	14	12	5	1	5
2016	8	11	23	14	14	1	1	5
2016	8	11	23	14	14	7	1	10
2016	8	11	23	14	15	5	1	25
2016	8	11	23	14	15	5	1	30
2016	8	11	23	14	15	7	-	15
2016	8	11	23	14	16	4	-	5
2016	8	11	23	14	33	1	-	20
2016	8	11	23	14	33	2	-	25
2016	8	11	23	14	34	7	1	0
2016	8	11	23	14	39	3	-	0
2016	8	11	23	14	53	2	1	0
2016	8	11	23	14	53	3	1	0
2016	8	11	23	14	53	7	1	10
2016	8	11	23	14	59	2	1	10
2016	8	11	23	15	21	1	1	-5
2016	8	11	23	15	21	2	1	5
2016	8	11	23	15	21	7	1	30
2016	8	11	23	15	24	1	1	20
2016	8	11	23	15	24	5	1	35
2016	8	11	23	15	25	4	1	0
2016	8	11	23	15	27	4	-	10
2016	8	11	23	15	30	3	1	50
2016	8	11	23	15	38	1	1	30
2016	8	11	23	15	38	4	-	0
2016	8	11	23	15	49	7	-	-10
2016	8	11	23	15	50	5	1	15
2016	8	11	23	15	51	3	1	10
2016	8	11	23	15	51	4	-	-25
2016	8	11	23	15	53	3	-	-15
2016	8	11	23	15	54	3	-	10
2016	8	11	23	15	56	3	-	15
2016	8	11	23	16	4	3	1	5
2016	8	11	23	16	5	2	1	15
2016	8	11	23	16	24	1	1	15
2016	8	11	23	16	24	5	1	25
2016	8	11	23	16	37	5	1	30
2016	8	11	23	16	43	2	1	15
2016	8	11	23	16	43	7	-	0
2016	8	11	23	16	53	3	1	5
2016	8	11	23	16	53	4	-	-10
2016	8	11	23	16	53	5	1	30
2016	8	11	23	16	58	3	1	0
2016	8	11	23	16	58	5	1	-5
2016	8	11	23	16	59	5	1	0
2016	8	11	23	17	13	3	1	10
2016	8	11	23	17	14	4	-	30
2016	8	11	23	17	45	2	1	0
2016	8	11	23	17	46	7	1	20
2016	8	11	23	17	52	5	1	-15
2016	8	11	23	17	53	2	1	0
2016	8	11	23	17	53	4	1	0
2016	8	11	23	17	54	1	1	0
2016	8	11	23	17	55	7	1	10
2016	8	11	23	18	16	5	1	40
2016	8	11	23	18	21	1	1	10
2016	8	11	23	18	21	2	1	5
2016	8	11	23	18	21	7	1	20
2016	8	11	23	18	28	5	1	25
2016	8	11	23	18	29	3	1	10
2016	8	11	23	18	37	3	-	40
2016	8	11	23	18	39	3	1	40
2016	8	11	23	18	48	1	1	10
2016	8	11	23	18	49	2	1	0
2016	8	11	23	18	50	5	1	20
2016	8	11	23	18	51	7	1	10
2016	8	11	23	18	53	3	1	40
2016	8	11	23	19	28	3	1	15
2016	8	11	23	19	28	5	1	20
2016	8	11	23	19	37	7	1	30
2016	8	11	23	19	38	2	1	25
2016	8	11	23	19	38	5	1	30
2016	8	11	23	19	56	4	1	30
2016	8	11	23	19	57	5	1	40
2016	8	11	23	20	29	5	1	-15
2016	8	11	23	20	36	3	1	10
2016	8	11	23	20	44	1	1	5
2016	8	11	23	20	44	4	1	10
2016	8	11	23	20	44	5	1	40
2016	8	11	23	20	48	1	-	25
2016	8	11	23	20	48	5	1	-20
2016	8	11	23	20	54	1	1	25
2016	8	11	23	20	54	5	1	-30
2016	8	11	23	21	0	2	1	15
2016	8	11	23	21	0	7	1	20
2016	8	11	23	21	9	5	1	35
2016	8	11	23	21	13	1	-	0
2016	8	11	23	21	13	7	1	30
2016	8	11	23	21	17	2	1	30
2016	8	11	23	21	30	2	1	35
2016	8	11	23	21	30	7	1	45
2016	8	11	23	21	31	1	1	20
2016	8	11	23	21	31	3	1	10
2016	8	11	23	21	31	5	1	-10
2016	8	11	23	21	36	2	1	0
2016	8	11	23	21	39	7	-	20
2016	8	11	23	21	44	3	1	20
2016	8	11	23	21	44	4	1	20
2016	8	11	23	21	44	5	1	0
2016	8	11	23	21	52	5	1	40
2016	8	11	23	22	3	3	1	0
2016	8	11	23	22	7	2	1	30
2016	8	11	23	22	7	7	1	20
2016	8	11	23	22	7	7	1	40
2016	8	11	23	22	17	1	1	-10
2016	8	11	23	22	17	2	1	20
2016	8	11	23	22	17	3	1	5
2016	8	11	23	22	17	4	1	10
2016	8	11	23	22	20	2	1	15
2016	8	11	23	22	20	7	1	50
2016	8	11	23	22	25	1	1	25
2016	8	11	23	22	47	7	-	30
2016	8	11	23	22	58	2	-	30
2016	8	11	23	23	1	3	1	0
2016	8	11	23	23	34	3	1	10
2016	8	11	23	24	43	5	1	0
2016	8	11	23	24	44	1	1	10
2016	8	11	23	24	44	3	1	0
2016	8	11	23	24	44	4	1	0
2016	8	11	23	25	0	1	1	15
2016	8	11	23	25	1	2	1	20
2016	8	11	23	25	1	4	1	30
2016	8	11	23	25	4	2	1	25
2016	8	11	23	25	15	1	1	25
2016	8	11	23	25	15	4	1	20
2016	8	11	23	25	15	5	1	10
2016	8	11	23	25	16	3	1	15
2016	8	11	23	25	16	4	1	-30
2016	8	11	23	25	25	5	1	10
2016	8	11	23	25	25	7	1	0
2016	8	11	23	25	26	1	1	25
2016	8	11	23	25	26	2	1	0
2016	8	11	23	25	27	4	-	0
2016	8	11	23	25	29	1	-	0
2016	8	11	23	25	29	4	1	0
2016	8	11	23	25	29	5	1	0
2016	8	11	23	25	48	2	1	0
2016	8	11	23	26	4	2	1	15
2016	8	11	23	26	5	3	1	20
2016	8	11	23	26	33	3	-	20
2016	8	11	23	26	41	4	1	25
2016	8	11	23	26	41	5	1	25
2016	8	11	23	26	41	5	1	30
2016	8	11	23	26	41	5	1	35
2016	8	11	23	26	43	3	1	30
2016	8	11	23	26	55	1	1	15
2016	8	11	23	26	58	3	1	35
2016	8	11	23	26	58	5	1	40
2016	8	11	23	26	59	3	-	-5
2016	8	11	23	26	59	4	1	30
2016	8	11	23	26	59	5	1	35
2016	8	11	23	27	1	3	-	5
2016	8	11	23	27	19	5	1	-5
2016	8	11	23	27	41	1	1	20
2016	8	11	23	27	41	4	-	10
2016	8	11	23	27	42	2	1	10
2016	8	11	23	27	42	7	1	30
2016	8	11	23	27	45	2	-	20
2016	8	11	23	27	46	1	1	30
2016	8	11	23	27	47	4	1	25
2016	8	11	23	27	48	3	1	10
2016	8	11	23	28	30	4	1	20
2016	8	11	23	28	46	2	1	30
2016	8	11	23	28	46	7	1	30
2016	8	11	23	29	5	3	1	35
2016	8	11	23	29	21	3	1	10
2016	8	11	23	29	22	3	1	25
2016	8	11	23	29	35	3	1	40
2016	8	11	23	29	49	3	1	35
2016	8	11	23	29	49	7	1	10
2016	8	11	23	29	52	1	1	15
2016	8	11	23	29	52	3	1	25
2016	8	11	23	29	52	4	1	15
2016	8	11	23	29	52	5	1	5
2016	8	11	23	29	53	3	1	10
2016	8	11	23	30	6	1	1	15
2016	8	11	23	30	6	3	1	25
2016	8	11	23	30	6	7	1	25
2016	8	11	23	30	28	3	-	50
2016	8	11	23	30	32	3	-	15
2016	8	11	23	30	41	7	1	50
2016	8	11	23	31	0	3	1	35
2016	8	11	23	31	7	2	1	40
2016	8	11	23	31	17	1	1	15
2016	8	11	23	31	17	5	1	-5
2016	8	11	23	31	20	2	1	20
2016	8	11	23	31	20	3	-	20
2016	8	11	23	31	20	4	1	10
2016	8	11	23	31	38	1	1	-25
2016	8	11	23	31	38	5	1	-20
2016	8	11	23	31	54	1	1	15
2016	8	11	23	32	8	1	1	5
2016	8	11	23	32	8	2	1	25
2016	8	11	23	32	9	1	1	20
2016	8	11	23	32	9	2	1	15
2016	8	11	23	32	9	5	1	-15
2016	8	11	23	32	9	7	1	0
2016	8	11	23	32	10	4	1	-10
2016	8	11	23	32	31	7	1	50
2016	8	11	23	32	35	2	1	10
2016	8	11	23	32	57	3	1	20
2016	8	11	23	32	57	5	1	30
2016	8	11	23	33	2	4	1	25
2016	8	11	23	33	3	5	1	40
2016	8	11	23	33	47	3	1	40
2016	8	11	23	33	57	1	1	0
2016	8	11	23	33	57	4	1	-10
2016	8	11	23	33	58	3	1	15
2016	8	11	23	33	58	5	1	-10
2016	8	11	23	34	11	3	1	35
2016	8	11	23	34	15	2	1	30
2016	8	11	23	34	23	3	1	15
2016	8	11	23	34	30	3	1	35
2016	8	11	23	34	31	4	-	20
2016	8	11	23	35	23	1	1	-5
2016	8	11	23	35	23	4	1	0
2016	8	11	23	35	23	7	1	0
2016	8	11	23	35	24	2	1	-10
2016	8	11	23	35	26	5	1	35
2016	8	11	23	35	44	3	1	25
2016	8	11	23	35	50	4	1	-20
2016	8	11	23	35	51	1	1	-10
2016	8	11	23	35	51	5	1	-10
2016	8	11	23	36	13	5	1	45
2016	8	11	23	36	30	5	1	25
2016	8	11	23	36	45	2	1	5
2016	8	11	23	36	54	3	1	15
2016	8	11	23	36	54	6	1	20
2016	8	11	23	37	15	3	1	5
2016	8	11	23	37	15	6	1	15
2016	8	11	23	37	19	2	1	25
2016	8	11	23	37	46	4	1	40
2016	8	11	23	37	52	1	1	25
2016	8	11	23	37	54	5	1	35
2016	8	11	23	38	7	6	1	0
2016	8	11	23	38	8	1	1	0
2016	8	11	23	38	8	3	1	10
2016	8	11	23	38	8	4	1	-20
2016	8	11	23	38	8	5	1	-25
2016	8	11	23	38	12	1	1	15
2016	8	11	23	38	12	2	1	30
2016	8	11	23	38	12	4	1	15
2016	8	11	23	38	12	5	1	-10
2016	8	11	23	38	12	7	1	5
2016	8	11	23	38	54	3	1	50
2016	8	11	23	39	2	2	1	20
2016	8	11	23	39	9	4	1	35
2016	8	11	23	39	10	6	1	40
2016	8	11	23	39	38	1	1	0
2016	8	11	23	40	1	2	1	30
2016	8	11	23	40	17	6	1	20
2016	8	11	23	40	35	1	1	30
2016	8	11	23	40	52	1	-	30
2016	8	11	23	40	52	2	1	10
2016	8	11	23	40	52	6	1	15
2016	8	11	23	41	15	2	1	30
2016	8	11	23	41	16	5	1	-10
2016	8	11	23	41	17	1	1	-15
2016	8	11	23	41	17	3	1	10
2016	8	11	23	41	18	3	1	30
2016	8	11	23	41	59	3	1	30
2016	8	11	23	41	59	4	1	25
2016	8	11	23	41	59	6	1	30
2016	8	11	23	42	0	2	1	20
2016	8	11	23	42	8	2	1	25
2016	8	11	23	42	28	1	-	20
2016	8	11	23	42	28	2	1	20
2016	8	11	23	42	30	2	1	30
2016	8	11	23	42	43	1	-	15
2016	8	11	23	42	54	2	-	35
2016	8	11	23	43	1	3	-	30
2016	8	11	23	43	1	6	-	35
2016	8	11	23	43	36	3	1	20
2016	8	11	23	43	37	1	1	15
2016	8	11	23	43	37	3	1	35
2016	8	11	23	43	37	6	-	30
2016	8	11	23	43	38	2	1	10
2016	8	11	23	43	38	4	1	20
2016	8	11	23	43	46	1	1	-10
2016	8	11	23	44	18	3	1	40
2016	8	11	23	44	19	1	1	20
2016	8	11	23	44	19	3	1	25
2016	8	11	23	44	19	4	1	25
2016	8	11	23	44	23	5	1	0
2016	8	11	23	44	28	3	1	35
2016	8	11	23	44	29	6	-	-15
2016	8	11	23	45	2	1	-	35
2016	8	11	23	45	25	2	1	30
2016	8	11	23	45	51	1	1	15
2016	8	11	23	45	51	2	1	10
2016	8	11	23	45	53	2	1	0
2016	8	11	23	46	11	3	1	45
2016	8	11	23	46	19	5	-	30
2016	8	11	23	46	36	1	1	15
2016	8	11	23	46	36	5	1	20
2016	8	11	23	46	39	3	-	50
2016	8	11	23	46	43	1	1	15
2016	8	11	23	46	47	3	1	20
2016	8	11	23	46	47	5	1	25
2016	8	11	23	47	16	2	1	25
2016	8	11	23	47	16	4	1	20
2016	8	11	23	47	24	1	-	10
2016	8	11	23	47	24	5	-	0
2016	8	11	23	47	27	4	-	0
2016	8	11	23	47	48	2	1	25
2016	8	11	23	47	48	4	1	25
2016	8	11	23	48	3	3	-	20
2016	8	11	23	48	3	5	-	40
2016	8	11	23	48	37	1	-	0
2016	8	11	23	48	40	2	1	20
2016	8	11	23	48	40	3	-	35
2016	8	11	23	48	40	4	-	30
2016	8	11	23	49	8	1	-	0
2016	8	11	23	49	8	5	1	35
2016	8	11	23	49	58	7	-	0
2016	8	11	23	49	59	2	1	25
2016	8	11	23	50	4	1	1	-5
2016	8	11	23	50	4	2	-	0
2016	8	11	23	50	4	4	-	0
2016	8	11	23	50	4	6	-	10
2016	8	11	23	50	5	1	1	15
2016	8	11	23	50	5	2	1	5
2016	8	11	23	51	9	1	-	25
2016	8	11	23	51	9	5	1	5
2016	8	11	23	51	16	1	1	-10
2016	8	11	23	51	16	2	1	0
2016	8	11	23	51	16	4	1	0
2016	8	11	23	51	16	7	1	0
2016	8	11	23	51	30	1	1	15
2016	8	11	23	51	30	2	1	10
2016	8	11	23	51	30	4	1	5
2016	8	11	23	51	30	7	1	20
2016	8	11	23	51	32	6	1	-35
2016	8	11	23	51	55	1	1	45
2016	8	11	23	51	55	5	1	35
2016	8	11	23	51	58	1	-	25
2016	8	11	23	51	59	2	1	0
2016	8	11	23	51	59	7	1	-20
2016	8	11	23	52	0	1	1	30
2016	8	11	23	52	0	2	1	15
2016	8	11	23	52	0	4	1	20
2016	8	11	23	52	0	5	1	0
2016	8	11	23	52	0	7	1	5
2016	8	11	23	52	44	3	1	45
2016	8	11	23	52	45	5	1	50
2016	8	11	23	53	1	5	1	25
2016	8	11	23	53	6	4	1	35
2016	8	11	23	53	28	2	1	25
2016	8	11	23	53	28	6	-	0
2016	8	11	23	53	29	7	1	30
2016	8	11	23	53	36	5	1	-5
2016	8	11	23	54	1	3	-	40
2016	8	11	23	54	11	3	1	10
2016	8	11	23	54	40	5	1	20
2016	8	11	23	55	2	1	1	20
2016	8	11	23	55	13	1	1	15
2016	8	11	23	55	13	7	1	25
2016	8	11	23	58	51	3	1	20
2016	8	11	23	58	51	5	1	30
2016	8	11	23	59	2	7	1	10
2016	8	11	23	59	11	2	1	0
2016	8	11	23	59	12	2	1	25
2016	8	11	23	59	15	5	-	45
2016	8	11	23	59	55	1	1	10
2016	8	11	23	59	55	4	1	0
2016	8	11	23	59	55	7	1	25
2016	8	11	23	59	58	2	1	5
2016	8	12	0	0	20	5	-	-10
2016	8	12	0	0	21	1	-	10
2016	8	12	0	0	53	3	1	10
2016	8	12	0	0	53	5	1	20
2016	8	12	0	0	55	4	1	10
2016	8	12	0	1	11	1	1	0
2016	8	12	0	1	15	1	1	10
2016	8	12	0	1	15	5	1	30
2016	8	12	0	1	16	1	1	5
2016	8	12	0	1	52	1	1	20
2016	8	12	0	2	1	3	1	15
2016	8	12	0	2	4	1	1	15
2016	8	12	0	2	11	4	1	20
2016	8	12	0	2	11	7	1	30
2016	8	12	0	2	12	2	1	30
2016	8	12	0	2	23	1	-	15
2016	8	12	0	2	23	5	1	5
2016	8	12	0	17	8	3	1	5
2016	8	12	0	17	19	2	-	0
2016	8	12	0	18	59	3	-	20
2016	8	12	0	19	29	1	1	0
2016	8	12	0	19	29	7	1	20
2016	8	12	0	19	37	3	1	15
2016	8	12	0	20	4	7	1	20
2016	8	12	0	20	5	2	1	15
2016	8	12	0	20	16	2	1	20
2016	8	12	0	20	17	1	1	30
2016	8	12	0	20	17	7	1	0
2016	8	12	0	20	42	5	1	10
2016	8	12	0	20	43	1	1	15
2016	8	12	0	21	15	4	1	35
2016	8	12	0	21	26	1	1	5
2016	8	12	0	21	26	5	1	-5
2016	8	12	0	21	27	7	1	50
2016	8	12	0	21	39	1	-	35
2016	8	12	0	22	6	7	1	50
2016	8	12	0	22	34	5	1	25
2016	8	12	0	22	35	3	1	15
2016	8	12	0	22	47	7	1	30
2016	8	12	0	23	11	3	1	30
2016	8	12	0	23	18	1	1	0
2016	8	12	0	23	20	3	1	20
2016	8	12	0	23	20	4	1	0
2016	8	12	0	23	20	5	1	10
2016	8	12	0	23	31	5	1	-5
2016	8	12	0	23	53	3	1	35
2016	8	12	0	23	58	1	1	5
2016	8	12	0	24	3	2	1	20
2016	8	12	0	24	3	7	1	30
2016	8	12	0	24	51	3	-	40
2016	8	12	0	25	10	3	1	40
2016	8	12	0	25	27	7	1	10
2016	8	12	0	25	28	1	1	15
2016	8	12	0	25	28	2	1	10
2016	8	12	0	25	28	4	1	10
2016	8	12	0	25	34	1	1	25
2016	8	12	0	25	34	2	1	10
2016	8	12	0	25	35	5	1	25
2016	8	12	0	25	36	7	1	10
2016	8	12	0	25	40	1	1	15
2016	8	12	0	25	40	4	1	25
2016	8	12	0	25	40	5	1	35
2016	8	12	0	26	47	7	1	20
2016	8	12	0	26	50	1	1	10
2016	8	12	0	26	51	4	1	10
2016	8	12	0	26	51	5	1	35
2016	8	12	0	26	52	2	1	10
2016	8	12	0	26	52	7	1	15
2016	8	12	0	27	4	3	1	5
2016	8	12	0	27	4	5	1	10
2016	8	12	0	27	7	3	1	15
2016	8	12	0	27	36	5	-	10
2016	8	12	0	27	37	1	-	10
2016	8	12	0	27	37	2	-	20
2016	8	12	0	27	37	3	-	20
2016	8	12	0	27	37	4	-	10
2016	8	12	0	27	51	3	-	10
2016	8	12	0	27	52	4	-	15
2016	8	12	0	28	28	2	1	30
2016	8	12	0	28	28	4	1	25
2016	8	12	0	28	35	1	1	-20
2016	8	12	0	28	35	5	1	0
2016	8	12	0	28	35	7	1	0
2016	8	12	0	28	36	2	1	10
2016	8	12	0	28	38	3	1	30
2016	8	12	0	28	41	1	1	15
2016	8	12	0	28	41	4	1	10
2016	8	12	0	28	41	5	1	45
2016	8	12	0	28	53	1	1	-15
2016	8	12	0	28	53	4	1	0
2016	8	12	0	28	53	5	1	-5
2016	8	12	0	28	53	7	1	-10
2016	8	12	0	29	29	1	1	25
2016	8	12	0	29	29	2	1	20
2016	8	12	0	29	30	7	1	30
2016	8	12	0	29	57	7	-	25
2016	8	12	0	30	7	7	1	15
2016	8	12	0	30	8	2	1	10
2016	8	12	0	30	24	3	1	20
2016	8	12	0	30	45	3	-	60
2016	8	12	0	30	48	1	1	30
2016	8	12	0	30	48	2	1	25
2016	8	12	0	30	48	7	1	30
2016	8	12	0	30	51	3	-	35
2016	8	12	0	31	35	1	1	40
2016	8	12	0	31	36	2	1	30
2016	8	12	0	31	37	7	1	50
2016	8	12	0	31	46	7	1	30
2016	8	12	0	32	57	4	1	35
2016	8	12	0	33	32	1	1	25
2016	8	12	0	33	32	2	1	15
2016	8	12	0	33	34	2	1	20
2016	8	12	0	34	1	2	1	35
2016	8	12	0	35	4	3	1	0
2016	8	12	0	35	4	5	1	-10
2016	8	12	0	35	28	4	1	30
2016	8	12	0	35	32	3	1	50
2016	8	12	0	35	41	1	-	20
2016	8	12	0	35	41	4	-	30
2016	8	12	0	35	41	7	-	15
2016	8	12	0	35	48	3	1	40
2016	8	12	0	35	48	5	1	40
2016	8	12	0	36	35	2	1	25
2016	8	12	0	36	44	3	1	10
2016	8	12	0	36	50	1	1	15
2016	8	12	0	36	50	3	1	40
2016	8	12	0	36	50	4	1	0
2016	8	12	0	36	50	5	1	-5
2016	8	12	0	36	50	7	1	10
2016	8	12	0	36	52	1	1	15
2016	8	12	0	36	52	2	1	10
2016	8	12	0	36	52	7	1	10
2016	8	12	0	36	54	4	1	10
2016	8	12	0	36	54	5	1	0
2016	8	12	0	37	1	5	1	25
2016	8	12	0	37	14	2	1	25
2016	8	12	0	37	14	7	1	20
2016	8	12	0	37	16	5	1	30
2016	8	12	0	37	17	3	1	50
2016	8	12	0	37	17	4	1	20
2016	8	12	0	37	18	3	1	50
2016	8	12	0	37	55	5	1	10
2016	8	12	0	38	4	3	1	0
2016	8	12	0	38	12	3	1	10
2016	8	12	0	38	16	3	-	15
2016	8	12	0	39	21	7	1	30
2016	8	12	0	39	34	1	1	40
2016	8	12	0	39	35	2	1	20
2016	8	12	0	39	39	3	-	35
2016	8	12	0	39	48	2	1	20
2016	8	12	0	39	48	7	-	35
2016	8	12	0	40	1	3	1	5
2016	8	12	0	40	1	5	1	20
2016	8	12	0	40	6	1	1	10
2016	8	12	0	40	7	2	1	20
2016	8	12	0	40	30	7	1	40
2016	8	12	0	40	40	3	1	25
2016	8	12	0	40	47	4	1	15
2016	8	12	0	40	48	1	1	35
2016	8	12	0	40	48	2	1	30
2016	8	12	0	40	51	1	1	30
2016	8	12	0	40	51	7	1	40
2016	8	12	0	40	53	4	1	30
2016	8	12	0	40	58	3	1	40
2016	8	12	0	40	59	3	1	5
2016	8	12	0	40	59	5	1	5
2016	8	12	0	41	58	3	-	45
2016	8	12	0	41	59	3	1	15
2016	8	12	0	42	9	1	1	20
2016	8	12	0	42	9	7	-	20
2016	8	12	0	42	10	2	1	20
2016	8	12	0	42	10	4	1	15
2016	8	12	0	42	18	5	1	10
2016	8	12	0	42	19	1	1	25
2016	8	12	0	42	22	1	1	10
2016	8	12	0	42	22	2	1	10
2016	8	12	0	42	22	3	1	15
2016	8	12	0	42	37	1	1	15
2016	8	12	0	42	37	7	1	20
2016	8	12	0	43	0	3	1	35
2016	8	12	0	43	45	1	1	10
2016	8	12	0	43	45	7	1	25
2016	8	12	0	43	47	2	1	30
2016	8	12	0	43	55	7	1	40
2016	8	12	0	44	10	1	1	15
2016	8	12	0	44	10	2	1	-10
2016	8	12	0	44	10	7	1	0
2016	8	12	0	44	15	1	1	10
2016	8	12	0	44	50	3	1	0
2016	8	12	0	44	57	1	1	30
2016	8	12	0	44	57	2	1	20
2016	8	12	0	44	57	7	1	30
2016	8	12	0	45	53	3	1	40
2016	8	12	0	46	6	3	1	20
2016	8	12	0	46	27	1	1	10
2016	8	12	0	46	27	5	1	15
2016	8	12	0	46	27	7	1	20
2016	8	12	0	46	34	3	1	20
2016	8	12	0	46	35	4	1	40
2016	8	12	0	46	43	4	1	50
2016	8	12	0	46	54	1	1	-20
2016	8	12	0	46	54	4	1	-15
2016	8	12	0	46	54	5	1	-15
2016	8	12	0	47	33	1	1	0
2016	8	12	0	47	33	3	1	0
2016	8	12	0	47	48	3	1	5
2016	8	12	0	47	49	7	1	20
2016	8	12	0	48	11	3	1	5
2016	8	12	0	48	29	1	1	0
2016	8	12	0	48	29	3	1	10
2016	8	12	0	48	29	4	1	-20
2016	8	12	0	48	29	5	1	-20
2016	8	12	0	49	57	3	-	0
2016	8	12	0	49	57	4	1	10
2016	8	12	0	49	57	5	1	5
2016	8	12	0	49	59	1	-	20
2016	8	12	0	50	32	7	1	20
2016	8	12	0	51	33	3	-	40
2016	8	12	0	51	33	4	-	30
2016	8	12	0	51	34	2	1	20
2016	8	12	0	51	41	3	1	35
2016	8	12	0	51	54	1	1	25
2016	8	12	0	51	54	7	1	35
2016	8	12	0	52	22	1	1	5
2016	8	12	0	52	23	2	1	20
2016	8	12	0	52	23	4	1	10
2016	8	12	0	52	23	7	1	10
2016	8	12	0	53	37	3	1	10
2016	8	12	0	53	59	3	1	10
2016	8	12	0	54	0	2	1	20
2016	8	12	0	54	0	3	1	5
2016	8	12	0	54	0	4	1	15
2016	8	12	0	54	13	2	1	35
2016	8	12	0	54	38	1	-	45
2016	8	12	0	55	9	1	1	10
2016	8	12	0	55	9	5	-	20
2016	8	12	0	55	18	1	1	25
2016	8	12	0	55	18	5	1	10
2016	8	12	0	55	18	7	1	20
2016	8	12	0	55	36	2	1	15
2016	8	12	0	55	36	3	1	15
2016	8	12	0	56	6	7	1	35
2016	8	12	0	56	19	1	1	-20
2016	8	12	0	56	19	4	1	0
2016	8	12	0	56	19	7	1	-20
2016	8	12	0	56	20	2	1	-20
2016	8	12	0	56	39	3	1	25
2016	8	12	0	56	40	7	1	25
2016	8	12	0	56	41	2	1	20
2016	8	12	0	57	3	3	1	10
2016	8	12	0	57	3	5	1	5
2016	8	12	0	57	28	2	1	20
2016	8	12	0	57	28	4	1	5
2016	8	12	0	57	28	7	1	30
2016	8	12	0	57	32	2	1	35
2016	8	12	0	57	39	3	1	25
2016	8	12	0	57	39	5	1	10
2016	8	12	0	57	44	3	1	30
2016	8	12	0	58	9	7	1	35
2016	8	12	0	58	39	3	1	25
2016	8	12	0	58	39	7	1	10
2016	8	12	0	59	10	2	1	20
2016	8	12	0	59	10	3	1	35
2016	8	12	0	59	10	7	1	10
2016	8	12	0	59	11	3	-	35
2016	8	12	0	59	13	1	1	15
2016	8	12	1	0	5	3	1	25
2016	8	12	1	0	5	4	1	15
2016	8	12	1	0	5	5	1	25
2016	8	12	1	0	25	4	1	25
2016	8	12	1	0	38	1	-	45
2016	8	12	1	0	49	7	1	50
2016	8	12	1	1	1	2	1	30
2016	8	12	1	1	33	3	1	10
2016	8	12	1	1	33	4	1	10
2016	8	12	1	1	44	3	-	50
2016	8	12	1	1	50	7	-	35
2016	8	12	1	1	51	1	1	35
2016	8	12	1	1	58	3	1	30
2016	8	12	1	2	13	1	1	15
2016	8	12	1	3	1	3	1	20
2016	8	12	1	3	9	1	1	20
2016	8	12	1	3	9	4	-	40
2016	8	12	1	3	11	7	1	20
2016	8	12	1	3	15	1	1	20
2016	8	12	1	3	15	2	1	20
2016	8	12	1	3	17	7	1	10
2016	8	12	1	3	30	3	1	25
2016	8	12	1	3	30	5	1	20
2016	8	12	1	3	37	7	1	25
2016	8	12	1	3	38	1	1	30
2016	8	12	1	4	55	1	1	20
2016	8	12	1	4	58	1	1	5
2016	8	12	1	4	58	4	1	5
2016	8	12	1	4	58	5	1	15
2016	8	12	1	4	58	7	1	0
2016	8	12	1	5	11	3	1	10
2016	8	12	1	5	16	1	1	30
2016	8	12	1	5	16	4	1	20
2016	8	12	1	5	16	7	1	20
2016	8	12	1	5	19	2	1	25
2016	8	12	1	5	27	3	-	40
2016	8	12	1	5	45	1	-	40
2016	8	12	1	6	28	3	-	45
2016	8	12	1	6	51	2	1	10
2016	8	12	1	6	51	7	1	20
2016	8	12	1	7	25	4	1	-20
2016	8	12	1	7	25	5	1	-5
2016	8	12	1	7	25	7	1	-10
2016	8	12	1	7	26	2	1	-10
2016	8	12	1	7	27	3	1	-5
2016	8	12	1	7	28	1	1	-15
2016	8	12	1	8	13	3	1	35
2016	8	12	1	8	26	5	-	45
2016	8	12	1	8	32	2	1	15
2016	8	12	1	8	32	7	1	25
2016	8	12	1	8	44	1	1	10
2016	8	12	1	8	44	5	1	30
2016	8	12	1	8	46	1	1	5
2016	8	12	1	8	46	2	1	20
2016	8	12	1	8	46	4	1	25
2016	8	12	1	8	46	5	1	40
2016	8	12	1	9	1	5	1	30
2016	8	12	1	9	47	3	1	15
2016	8	12	1	9	49	7	1	40
2016	8	12	1	10	14	2	-	40
2016	8	12	1	10	32	3	1	45
2016	8	12	1	11	14	7	1	0
2016	8	12	1	11	15	1	1	5
2016	8	12	1	11	38	1	1	15
2016	8	12	1	11	50	3	1	5
2016	8	12	1	12	29	3	1	30
2016	8	12	1	12	44	5	-	35
2016	8	12	1	13	21	4	1	30
2016	8	12	1	13	21	5	1	25
2016	8	12	1	13	40	3	1	5
2016	8	12	1	13	44	2	-	30
2016	8	12	1	13	57	1	1	30
2016	8	12	1	13	57	7	1	30
2016	8	12	1	13	58	2	1	30
2016	8	12	1	14	1	3	1	40
2016	8	12	1	14	18	1	1	5
2016	8	12	1	14	19	7	1	10
2016	8	12	1	15	7	5	-	40
2016	8	12	1	15	25	7	-	45
2016	8	12	1	15	28	4	1	30
2016	8	12	1	15	29	2	1	40
2016	8	12	1	15	33	7	-	10
2016	8	12	1	15	55	2	1	10
2016	8	12	1	15	55	7	1	20
2016	8	12	1	16	24	1	-	10
2016	8	12	1	16	24	7	-	15
2016	8	12	1	16	25	1	1	30
2016	8	12	1	16	25	2	-	10
2016	8	12	1	16	25	4	1	0
2016	8	12	1	16	44	1	1	40
2016	8	12	1	17	22	3	1	25
2016	8	12	1	17	22	5	1	25
2016	8	12	1	17	24	4	1	40
2016	8	12	1	20	9	3	1	20
2016	8	12	1	20	24	1	1	35
2016	8	12	1	20	42	1	1	15
2016	8	12	1	20	42	7	1	15
2016	8	12	1	20	50	3	1	15
2016	8	12	1	20	50	5	1	15
2016	8	12	1	20	55	1	1	35
2016	8	12	1	21	57	1	1	10
2016	8	12	1	22	7	2	1	15
2016	8	12	1	22	32	5	1	35
2016	8	12	1	22	38	1	1	40
2016	8	12	1	22	45	3	1	10
2016	8	12	1	22	45	5	1	-5
2016	8	12	1	22	59	3	1	35
2016	8	12	1	23	34	1	-	20
2016	8	12	1	23	34	5	-	10
2016	8	12	1	23	38	3	1	25
2016	8	12	1	23	40	2	1	40
2016	8	12	1	23	40	2	1	40
2016	8	12	1	23	42	1	1	30
2016	8	12	1	24	23	3	1	15
2016	8	12	1	24	34	1	1	15
2016	8	12	1	24	34	5	1	30
2016	8	12	1	25	1	1	1	-10
2016	8	12	1	25	21	1	1	5
2016	8	12	1	25	35	2	1	20
2016	8	12	1	25	35	4	1	20
2016	8	12	1	26	4	1	1	20
2016	8	12	1	26	4	7	1	25
2016	8	12	1	26	27	3	1	50
2016	8	12	1	26	49	7	-	30
2016	8	12	1	27	1	4	1	20
2016	8	12	1	27	3	2	-	35
2016	8	12	1	27	3	7	1	10
2016	8	12	1	27	35	2	1	10
2016	8	12	1	27	53	5	1	0
2016	8	12	1	28	3	1	1	10
2016	8	12	1	28	3	5	1	15
2016	8	12	1	29	8	2	1	20
2016	8	12	1	29	21	3	-	20
2016	8	12	1	29	22	1	1	20
2016	8	12	1	29	22	2	1	10
2016	8	12	1	29	22	7	-	-5
2016	8	12	1	30	7	3	-	50
2016	8	12	1	30	14	3	1	50
2016	8	12	1	31	23	1	-	10
2016	8	12	1	31	32	3	1	45
2016	8	12	1	31	46	2	-	30
2016	8	12	1	31	46	7	-	15
2016	8	12	1	32	9	3	1	45
2016	8	12	1	32	24	3	1	20
2016	8	12	1	32	47	1	1	20
2016	8	12	1	32	48	5	1	35
2016	8	12	1	33	11	5	1	30
2016	8	12	1	33	21	4	1	25
2016	8	12	1	33	21	5	1	30
2016	8	12	1	33	48	3	1	35
2016	8	12	1	34	11	1	1	-15
2016	8	12	1	34	11	2	1	0
2016	8	12	1	34	11	4	1	0
2016	8	12	1	34	12	7	-	-5
2016	8	12	1	34	16	2	1	10
2016	8	12	1	34	17	3	1	10
2016	8	12	1	34	36	7	-	-10
2016	8	12	1	35	24	1	1	15
2016	8	12	1	35	24	2	1	20
2016	8	12	1	35	24	4	1	5
2016	8	12	1	35	24	7	-	-15
2016	8	12	1	35	41	1	1	25
2016	8	12	1	35	41	2	1	20
2016	8	12	1	35	41	7	-	15
2016	8	12	1	35	58	4	1	15
2016	8	12	1	36	7	3	-	25
2016	8	12	1	36	20	7	-	-10
2016	8	12	1	36	25	4	1	30
2016	8	12	1	37	3	2	1	20
2016	8	12	1	37	5	3	1	40
2016	8	12	1	37	36	3	1	25
2016	8	12	1	37	41	3	-	40
2016	8	12	1	37	44	4	1	35
2016	8	12	1	37	45	7	1	5
2016	8	12	1	37	46	3	1	30
2016	8	12	1	37	52	1	1	10
2016	8	12	1	37	52	2	1	10
2016	8	12	1	37	53	4	1	5
2016	8	12	1	37	54	7	1	0
2016	8	12	1	39	33	3	1	25
2016	8	12	1	39	41	4	-	5
2016	8	12	1	40	3	3	1	10
2016	8	12	1	40	3	5	1	30
2016	8	12	1	40	25	1	1	35
2016	8	12	1	40	25	2	1	25
2016	8	12	1	40	25	4	1	15
2016	8	12	1	40	25	7	1	15
2016	8	12	1	40	48	3	1	15
2016	8	12	1	40	48	4	-	15
2016	8	12	1	40	48	5	1	5
2016	8	12	1	41	3	2	1	20
2016	8	12	1	41	9	3	1	20
2016	8	12	1	41	9	5	1	10
2016	8	12	1	41	19	1	1	0
2016	8	12	1	41	19	4	-	0
2016	8	12	1	41	19	5	1	0
2016	8	12	1	41	20	2	1	15
2016	8	12	1	41	20	7	1	5
2016	8	12	1	41	22	2	-	30
2016	8	12	1	41	31	3	1	15
2016	8	12	1	41	34	3	1	15
2016	8	12	1	41	34	5	1	25
2016	8	12	1	41	36	2	-	-15
2016	8	12	1	41	59	5	1	30
2016	8	12	1	42	12	1	1	-5
2016	8	12	1	42	12	3	1	15
2016	8	12	1	42	12	4	1	0
2016	8	12	1	42	12	5	1	10
2016	8	12	1	43	8	2	1	15
2016	8	12	1	43	9	4	1	20
2016	8	12	1	43	57	5	1	5
2016	8	12	1	44	12	3	-	40
2016	8	12	1	44	50	1	1	20
2016	8	12	1	44	55	1	1	20
2016	8	12	1	44	55	5	1	35
2016	8	12	20	36	20	7	1	15
2016	8	12	20	37	13	6	1	-5
2016	8	12	20	37	14	1	1	10
2016	8	12	20	37	14	2	1	-5
2016	8	12	20	38	22	2	1	0
2016	8	12	20	38	22	7	1	10
2016	8	12	20	41	43	2	1	35
2016	8	12	20	43	30	1	1	0
2016	8	12	20	43	30	5	1	5
2016	8	12	20	43	31	7	1	0
2016	8	12	20	44	3	1	-	35
2016	8	12	20	44	49	2	1	25
2016	8	12	20	44	49	3	1	10
2016	8	12	20	44	49	7	1	20
2016	8	12	20	44	52	1	1	-5
2016	8	12	20	44	52	1	1	10
2016	8	12	20	44	57	5	1	-5
2016	8	12	20	44	58	2	1	0
2016	8	12	20	44	58	3	-	0
2016	8	12	20	44	58	6	-	5
2016	8	12	20	44	58	6	1	-10
2016	8	12	20	45	41	7	1	-20
2016	8	12	20	45	42	2	-	-10
2016	8	12	20	45	42	3	1	-15
2016	8	12	20	46	29	6	-	0
2016	8	12	20	46	30	3	-	0
2016	8	12	20	46	45	3	-	10
2016	8	12	20	46	56	2	1	30
2016	8	12	20	47	2	6	1	25
2016	8	12	20	48	11	2	1	-20
2016	8	12	20	48	44	1	1	35
2016	8	12	20	49	20	7	-	25
2016	8	12	20	49	47	1	-	30
2016	8	12	20	52	11	7	1	15
2016	8	12	20	53	23	1	1	30
2016	8	12	20	53	23	6	1	25
2016	8	12	20	53	24	2	1	35
2016	8	12	20	53	45	7	1	10
2016	8	12	20	54	8	2	-	40
2016	8	12	20	54	28	2	1	15
2016	8	12	20	54	28	3	1	15
2016	8	12	20	56	12	7	-	30
2016	8	12	20	56	32	1	1	35
2016	8	12	20	57	3	3	-	25
2016	8	12	20	57	4	2	-	30
2016	8	12	20	58	23	2	1	40
2016	8	12	20	58	39	2	1	15
2016	8	12	20	58	39	3	1	20
2016	8	12	20	58	44	3	1	40
2016	8	12	20	59	0	2	-	20
2016	8	12	20	59	0	3	-	25
2016	8	12	20	59	46	1	-	40
2016	8	12	21	1	10	2	1	-5
2016	8	12	21	1	10	3	1	5
2016	8	12	21	1	10	6	1	5
2016	8	12	21	2	6	3	1	5
2016	8	12	21	2	7	2	1	5
2016	8	12	21	2	7	7	1	20
2016	8	12	21	3	30	2	1	0
2016	8	12	21	3	30	3	1	5
2016	8	12	21	3	30	7	1	10
2016	8	12	21	6	3	3	1	0
2016	8	12	21	6	3	7	1	0
2016	8	12	21	6	7	2	1	0
2016	8	12	21	6	19	1	1	25
2016	8	12	21	8	28	2	1	15
2016	8	12	21	8	28	3	1	10
2016	8	12	21	8	29	7	1	30
2016	8	12	21	9	6	2	1	10
2016	8	12	21	9	6	7	1	10
2016	8	12	21	10	28	1	-	35
2016	8	12	21	11	48	2	1	20
2016	8	12	21	12	10	2	1	25
2016	8	12	21	13	8	2	1	15
2016	8	12	21	14	0	7	-	20
2016	8	12	21	15	3	3	-	5
2016	8	12	21	15	3	5	1	25
2016	8	12	21	15	3	7	1	15
2016	8	12	21	15	44	6	-	-10
2016	8	12	21	15	45	1	1	25
2016	8	12	21	15	55	1	1	5
2016	8	12	21	15	55	3	1	20
2016	8	12	21	16	0	2	1	20
2016	8	12	21	16	36	6	-	30
2016	8	12	21	16	41	1	1	20
2016	8	12	21	16	41	6	1	0
2016	8	12	21	17	17	1	-	30
2016	8	12	21	17	37	7	-	30
2016	8	12	21	19	44	2	1	35
2016	8	12	21	20	59	3	1	30
2016	8	12	21	21	0	2	1	20
2016	8	12	21	21	6	2	1	25
2016	8	12	21	23	29	1	1	30
2016	8	12	21	23	29	2	1	15
2016	8	12	21	24	5	1	1	35
2016	8	12	21	25	6	1	1	15
2016	8	12	21	26	36	1	-	20
2016	8	12	21	26	36	3	-	10
2016	8	12	21	26	39	2	1	20
2016	8	12	21	26	39	3	1	20
2016	8	12	21	26	46	1	1	30
2016	8	12	21	28	37	1	1	10
2016	8	12	21	28	37	6	1	5
2016	8	12	21	28	39	3	1	5
2016	8	12	21	29	1	1	1	35
2016	8	12	21	29	1	7	1	30
2016	8	12	21	29	3	1	1	25
2016	8	12	21	29	3	3	1	25
2016	8	12	21	29	4	2	1	20
2016	8	12	21	29	4	7	1	20
2016	8	12	21	37	53	5	1	30
2016	8	12	21	46	56	7	1	10
2016	8	12	21	47	59	1	1	40
2016	8	12	21	49	12	3	1	10
2016	8	12	21	49	12	7	-	20
2016	8	12	21	50	31	1	1	-10
2016	8	12	21	51	54	1	1	-30
2016	8	12	21	51	57	3	-	5
2016	8	12	21	51	58	7	1	35
2016	8	12	21	53	9	7	1	-20
2016	8	12	21	54	57	1	1	10
2016	8	12	21	54	57	6	-	0
2016	8	12	21	55	45	1	1	10
2016	8	12	21	55	45	3	1	0
2016	8	12	21	58	5	7	-	10
2016	8	12	21	59	19	1	1	0
2016	8	12	21	59	34	7	-	20
2016	8	12	21	59	41	3	-	25
2016	8	12	21	59	44	7	1	20
2016	8	12	21	59	52	7	-	20
2016	8	12	22	0	13	7	-	-15
2016	8	12	22	0	38	1	1	0
2016	8	12	22	0	38	3	1	-20
2016	8	12	22	0	38	7	-	5
2016	8	12	22	2	25	1	1	-10
2016	8	12	22	2	25	3	1	0
2016	8	12	22	2	25	7	-	5
2016	8	12	22	4	8	1	-	40
2016	8	12	22	4	32	3	-	35
2016	8	12	22	5	9	1	-	30
2016	8	12	22	6	35	7	-	5
2016	8	12	22	7	31	3	1	35
2016	8	12	22	9	41	3	1	35
2016	8	12	22	10	0	3	1	0
2016	8	12	22	10	0	7	-	0
2016	8	12	22	10	34	7	-	5
2016	8	12	22	12	34	7	-	0
2016	8	12	22	14	9	2	1	25
2016	8	12	22	14	9	3	1	30
2016	8	12	22	16	28	3	1	-5
2016	8	12	22	16	57	2	1	10
2016	8	12	22	16	57	3	1	0
2016	8	12	22	17	24	7	1	20
2016	8	12	22	17	52	7	1	30
2016	8	12	22	18	17	3	1	0
2016	8	12	22	18	17	5	1	5
2016	8	12	22	18	18	7	1	0
2016	8	12	22	18	26	2	1	20
2016	8	12	22	18	26	5	1	35
2016	8	12	22	18	27	7	-	30
2016	8	12	22	18	52	7	1	35
2016	8	12	22	20	58	3	1	50
2016	8	12	22	20	58	7	1	50
2016	8	12	22	21	11	1	1	10
2016	8	12	22	21	11	3	1	20
2016	8	12	22	21	11	6	1	25
2016	8	12	22	22	49	3	1	30
2016	8	12	22	23	35	7	1	35
2016	8	12	22	24	9	1	1	25
2016	8	12	22	24	9	3	1	25
2016	8	12	22	24	9	6	1	20
2016	8	12	22	24	42	3	-	35
2016	8	12	22	24	43	2	-	30
2016	8	12	22	24	55	3	-	40
2016	8	12	22	25	28	6	1	10
2016	8	12	22	26	12	7	1	20
2016	8	12	22	28	6	3	1	20
2016	8	12	22	28	7	6	1	25
2016	8	12	22	28	25	3	1	10
2016	8	12	22	28	25	5	1	20
2016	8	12	22	28	25	7	1	35
2016	8	12	22	28	49	5	1	30
2016	8	12	22	28	49	7	1	25
2016	8	12	22	29	20	2	-	35
2016	8	12	22	30	28	7	1	50
2016	8	12	22	31	37	7	-	20
2016	8	12	22	31	38	1	1	5
2016	8	12	22	31	38	3	1	10
2016	8	12	22	31	38	6	-	0
2016	8	12	22	31	42	2	1	20
2016	8	12	22	32	10	3	1	30
2016	8	12	22	32	12	5	1	35
2016	8	12	22	32	13	2	1	20
2016	8	12	22	32	36	1	1	-10
2016	8	12	22	32	36	5	1	-5
2016	8	12	22	32	37	6	1	-10
2016	8	12	22	32	59	3	1	40
2016	8	12	22	32	59	6	-	30
2016	8	12	22	33	7	2	1	35
2016	8	12	22	33	7	3	-	45
2016	8	12	22	35	54	3	1	30
2016	8	12	22	36	34	3	1	50
2016	8	12	22	36	36	7	1	20
2016	8	12	22	37	8	3	1	30
2016	8	12	22	37	8	7	1	20
2016	8	12	22	37	9	1	1	20
2016	8	12	22	37	9	2	1	25
2016	8	12	22	37	13	7	1	30
2016	8	12	22	37	19	6	-	0
2016	8	12	22	37	19	6	-	25
2016	8	12	22	37	23	2	1	5
2016	8	12	22	37	23	3	1	10
2016	8	12	22	37	23	7	1	-10
2016	8	12	22	40	51	3	1	5
2016	8	12	22	40	51	6	1	-20
2016	8	12	22	40	52	2	1	10
2016	8	12	22	40	54	1	1	5
2016	8	12	22	41	37	2	-	40
2016	8	12	22	41	37	3	-	50
2016	8	12	22	41	47	7	1	25
2016	8	12	22	42	9	7	1	30
2016	8	12	22	42	13	7	1	30
2016	8	12	22	42	57	2	1	20
2016	8	12	22	43	23	6	1	-5
2016	8	12	22	46	1	1	1	-10
2016	8	12	22	46	1	7	1	0
2016	8	12	22	46	2	3	1	0
2016	8	12	22	46	2	5	1	-10
2016	8	12	22	46	2	7	1	10
2016	8	12	22	46	46	2	1	10
2016	8	12	22	46	46	7	-	5
2016	8	12	22	48	40	3	-	20
2016	8	12	22	48	40	7	-	40
2016	8	12	22	48	43	2	-	25
2016	8	12	22	48	43	2	-	30
2016	8	12	22	49	2	6	-	40
2016	8	12	22	49	54	1	1	15
2016	8	12	22	49	54	6	1	15
2016	8	12	22	50	16	6	1	0
2016	8	12	22	50	20	7	1	10
2016	8	12	22	50	58	1	1	15
2016	8	12	22	50	58	3	1	0
2016	8	12	22	50	58	5	1	10
2016	8	12	22	50	58	6	-	0
2016	8	12	22	50	59	2	1	5
2016	8	12	22	50	59	7	1	30
2016	8	12	22	51	9	2	1	35
2016	8	12	22	52	18	1	1	25
2016	8	12	22	52	57	7	1	0
2016	8	12	22	53	3	7	1	35
2016	8	12	22	53	42	2	-	25
2016	8	12	22	54	12	6	1	10
2016	8	12	22	54	30	1	1	0
2016	8	12	22	54	30	3	1	0
2016	8	12	22	54	31	5	1	5
2016	8	12	22	54	39	1	1	15
2016	8	12	22	54	39	3	1	5
2016	8	12	22	54	39	5	1	20
2016	8	12	22	55	36	7	1	40
2016	8	12	22	56	15	7	1	45
2016	8	12	22	56	34	1	1	45
2016	8	12	22	56	34	6	1	30
2016	8	12	22	56	46	1	-	5
2016	8	12	22	56	46	3	1	25
2016	8	12	22	56	47	6	1	25
2016	8	12	22	56	50	1	1	10
2016	8	12	22	57	18	1	1	20
2016	8	12	22	57	18	3	1	20
2016	8	12	22	57	18	6	1	5
2016	8	12	22	57	18	6	1	10
2016	8	12	22	57	20	6	-	5
2016	8	12	22	57	24	7	-	10
2016	8	12	22	57	34	1	-	0
2016	8	12	22	57	34	2	-	20
2016	8	12	22	57	34	3	-	0
2016	8	12	22	57	42	2	1	30
2016	8	12	22	57	46	6	1	5
2016	8	12	22	57	47	1	1	30
2016	8	12	22	57	48	2	1	15
2016	8	12	22	57	48	3	1	15
2016	8	12	22	58	20	2	1	30
2016	8	12	22	58	20	3	1	30
2016	8	12	22	58	53	3	-	50
2016	8	12	22	58	54	2	1	25
2016	8	12	22	58	57	7	-	5
2016	8	12	22	59	11	2	1	15
2016	8	12	22	59	11	3	1	25
2016	8	12	22	59	11	7	-	0
2016	8	12	22	59	12	3	1	35
2016	8	12	22	59	13	2	1	25
2016	8	12	22	59	20	1	-	45
2016	8	12	22	59	28	6	-	0
2016	8	12	22	59	28	6	-	25
2016	8	12	23	0	18	2	1	45
2016	8	12	23	0	50	1	-	40
2016	8	12	23	1	26	2	1	15
2016	8	12	23	1	26	3	1	10
2016	8	12	23	1	26	6	1	-10
2016	8	12	23	1	26	7	1	20
2016	8	12	23	2	54	7	-	10
2016	8	12	23	2	55	3	1	35
2016	8	12	23	4	20	1	-	40
2016	8	12	23	4	22	2	1	15
2016	8	12	23	4	22	3	1	40
2016	8	12	23	4	29	7	-	5
2016	8	12	23	4	32	2	1	25
2016	8	12	23	4	32	3	1	35
2016	8	12	23	4	32	6	-	20
2016	8	12	23	4	38	3	-	45
2016	8	12	23	4	39	2	-	40
2016	8	12	23	5	33	2	1	30
2016	8	12	23	5	42	1	1	15
2016	8	12	23	5	42	3	1	5
2016	8	12	23	5	42	6	1	-5
2016	8	12	23	6	0	1	1	25
2016	8	12	23	6	28	1	-	15
2016	8	12	23	6	28	3	-	10
2016	8	12	23	6	28	6	-	10
2016	8	12	23	6	58	1	1	40
2016	8	12	23	6	58	3	-	35
2016	8	12	23	6	58	6	1	30
2016	8	12	23	7	47	7	1	10
2016	8	12	23	8	10	7	1	5
2016	8	12	23	8	11	2	1	10
2016	8	12	23	8	11	2	1	30
2016	8	12	23	8	12	3	1	15
2016	8	12	23	9	7	1	1	10
2016	8	12	23	9	7	6	1	5
2016	8	12	23	10	4	7	1	15
2016	8	12	23	10	8	3	1	5
2016	8	12	23	10	54	2	1	10
2016	8	12	23	11	28	1	1	10
2016	8	12	23	11	29	6	1	20
2016	8	12	23	11	50	1	1	20
2016	8	12	23	12	15	3	1	35
2016	8	12	23	12	25	1	1	-15
2016	8	12	23	12	27	7	1	20
2016	8	12	23	12	31	1	-	35
2016	8	12	23	12	48	3	1	5
2016	8	12	23	12	48	6	1	0
2016	8	12	23	12	49	1	1	15
2016	8	12	23	12	49	2	1	10
2016	8	12	23	13	15	1	1	5
2016	8	12	23	13	30	7	1	10
2016	8	12	23	14	13	3	1	5
2016	8	12	23	14	13	7	1	5
2016	8	12	23	14	23	3	1	0
2016	8	12	23	14	24	7	1	20
2016	8	12	23	15	30	7	1	20
2016	8	12	23	16	4	7	-	40
2016	8	12	23	16	18	3	1	10
2016	8	12	23	16	18	7	1	10
2016	8	12	23	16	19	2	1	30
2016	8	12	23	16	22	7	1	30
2016	8	12	23	17	10	1	-	45
2016	8	12	23	17	30	3	-	15
2016	8	12	23	17	31	1	1	40
2016	8	12	23	17	43	1	1	0
2016	8	12	23	17	43	6	-	15
2016	8	12	23	17	44	3	-	10
2016	8	12	23	17	58	7	1	20
2016	8	12	23	18	1	3	1	50
2016	8	12	23	18	5	2	-	40
2016	8	12	23	18	15	2	1	40
2016	8	12	23	18	15	3	1	30
2016	8	12	23	18	15	7	1	30
2016	8	12	23	18	41	7	1	30
2016	8	12	23	18	42	3	1	50
2016	8	12	23	18	43	2	1	15
2016	8	12	23	20	28	1	1	40
2016	8	12	23	20	43	7	1	10
2016	8	12	23	20	44	2	1	5
2016	8	12	23	20	44	3	1	5
2016	8	12	23	21	15	7	1	40
2016	8	12	23	21	39	6	1	0
2016	8	12	23	21	39	6	1	0
2016	8	12	23	22	5	7	1	20
2016	8	12	23	22	11	2	1	30
2016	8	12	23	24	56	2	1	-20
2016	8	12	23	25	2	1	1	35
2016	8	12	23	25	2	2	-	0
2016	8	12	23	25	2	3	1	5
2016	8	12	23	25	2	6	-	10
2016	8	12	23	25	5	2	-	0
2016	8	12	23	25	5	3	-	15
2016	8	12	23	25	5	6	1	20
2016	8	12	23	25	31	2	1	30
2016	8	12	23	25	31	7	1	50
2016	8	12	23	25	55	3	1	10
2016	8	12	23	25	55	7	1	30
2016	8	12	23	26	53	6	-	0
2016	8	12	23	26	53	6	1	25
2016	8	12	23	27	10	7	1	50
2016	8	12	23	27	40	1	1	30
2016	8	12	23	29	50	2	1	45
2016	8	12	23	48	44	7	1	30
2016	8	12	23	49	4	6	1	0
2016	8	12	23	49	5	1	1	30
2016	8	12	23	49	56	1	1	50
2016	8	12	23	49	58	1	1	40
2016	8	12	23	50	10	7	1	10
2016	8	12	23	50	11	6	1	35
2016	8	12	23	51	4	1	1	40
2016	8	12	23	51	4	6	-	15
2016	8	12	23	51	17	7	1	40
2016	8	12	23	51	57	1	1	-10
2016	8	12	23	51	57	3	1	-5
2016	8	12	23	51	57	6	1	-10
2016	8	12	23	52	16	7	1	15
2016	8	12	23	52	44	3	-	50
2016	8	12	23	53	20	7	1	20
2016	8	12	23	53	30	3	1	20
2016	8	12	23	53	37	7	1	50
2016	8	12	23	54	7	3	1	20
2016	8	12	23	54	17	7	-	0
2016	8	12	23	54	20	3	-	10
2016	8	12	23	54	39	1	-	50
2016	8	12	23	55	17	7	1	40
2016	8	12	23	56	15	6	1	10
2016	8	12	23	56	44	7	1	20
2016	8	12	23	56	49	7	1	30
2016	8	12	23	56	56	1	1	20
2016	8	12	23	57	8	7	1	35
2016	8	12	23	57	14	7	1	5
2016	8	12	23	57	29	6	-	-10
2016	8	12	23	57	31	2	1	15
2016	8	12	23	57	32	1	1	15
2016	8	12	23	57	32	3	1	5
2016	8	12	23	57	32	7	-	5
2016	8	12	23	57	39	7	-	5
2016	8	12	23	57	45	2	1	20
2016	8	12	23	57	45	7	1	5
2016	8	12	23	57	54	7	1	0
2016	8	12	23	58	9	7	1	20
2016	8	12	23	58	12	1	1	25
2016	8	12	23	58	13	6	1	20
2016	8	12	23	58	25	1	-	0
2016	8	12	23	58	25	7	1	40
2016	8	12	23	58	37	1	-	0
2016	8	12	23	58	49	7	1	35
2016	8	12	23	59	2	3	1	30
2016	8	12	23	59	2	6	-	15
2016	8	12	23	59	8	1	-	20
2016	8	12	23	59	37	6	1	5
2016	8	12	23	59	38	1	1	10
2016	8	12	23	0	48	2	1	10
2016	8	12	23	0	48	3	1	10
2016	8	13	0	1	25	7	1	-10
2016	8	13	0	1	42	6	1	50
2016	8	13	0	2	29	7	1	0
2016	8	13	0	2	43	2	1	30
2016	8	13	0	2	43	3	1	45
2016	8	13	0	2	53	6	1	40
2016	8	13	0	3	33	3	1	20
2016	8	13	0	3	33	7	1	20
2016	8	13	0	3	34	2	1	25
2016	8	13	0	3	50	7	1	50
2016	8	13	0	4	26	7	1	30
2016	8	13	0	4	30	3	1	10
2016	8	13	0	4	31	2	1	10
2016	8	13	0	4	34	7	1	50
2016	8	13	0	4	35	7	-	5
2016	8	13	0	6	8	2	1	40
2016	8	13	0	6	11	1	1	40
2016	8	13	0	6	52	3	1	25
2016	8	13	0	6	52	7	-	5
2016	8	13	0	7	36	6	-	20
2016	8	13	0	8	4	1	1	45
2016	8	13	0	8	5	3	-	10
2016	8	13	0	8	5	6	-	15
2016	8	13	0	8	34	7	1	25
2016	8	13	0	9	5	7	1	40
2016	8	13	0	9	37	1	1	30
2016	8	13	0	9	37	6	-	25
2016	8	13	0	10	12	1	1	30
2016	8	13	0	10	17	3	1	5
2016	8	13	0	10	17	7	1	10
2016	8	13	0	10	18	2	1	5
2016	8	13	0	10	36	6	1	10
2016	8	13	0	10	37	1	1	-10
2016	8	13	0	10	37	1	1	15
2016	8	13	0	10	37	6	-	15
2016	8	13	0	10	37	7	1	0
2016	8	13	0	10	40	3	1	0
2016	8	13	0	10	44	1	1	45
2016	8	13	0	10	46	7	1	30
2016	8	13	0	11	1	2	-	40
2016	8	13	0	11	11	2	-	35
2016	8	13	0	11	11	3	-	35
2016	8	13	0	11	36	1	1	10
2016	8	13	0	11	36	3	1	5
2016	8	13	0	11	36	6	1	-5
2016	8	13	0	11	48	1	-	40
2016	8	13	0	11	57	3	1	30
2016	8	13	0	12	7	6	1	30
2016	8	13	0	12	8	3	1	40
2016	8	13	0	12	22	1	-	20
2016	8	13	0	12	22	3	-	5
2016	8	13	0	12	51	6	1	20
2016	8	13	0	13	29	1	1	10
2016	8	13	0	13	29	6	1	25
2016	8	13	0	13	30	3	1	20
2016	8	13	0	14	3	7	1	55
2016	8	13	0	14	10	2	-	30
2016	8	13	0	14	21	2	1	25
2016	8	13	0	14	21	3	1	20
2016	8	13	0	14	26	1	1	35
2016	8	13	0	14	26	2	1	30
2016	8	13	0	14	26	3	1	25
2016	8	13	0	14	26	6	-	35
2016	8	13	0	14	26	7	1	0
2016	8	13	0	14	38	2	1	35
2016	8	13	0	14	58	7	-	5
2016	8	13	0	15	7	1	1	15
2016	8	13	0	15	7	3	1	10
2016	8	13	0	15	7	6	1	10
2016	8	13	0	15	12	2	1	40
2016	8	13	0	15	21	3	1	10
2016	8	13	0	16	1	1	1	10
2016	8	13	0	16	2	6	1	0
2016	8	13	0	16	3	3	1	5
2016	8	13	0	16	8	7	-	5
2016	8	13	0	16	42	1	1	30
2016	8	13	0	16	42	6	1	15
2016	8	13	0	17	7	7	1	5
2016	8	13	0	17	14	7	1	5
2016	8	13	0	17	31	6	-	30
2016	8	13	0	17	37	7	1	0
2016	8	13	0	18	19	7	1	0
2016	8	13	0	18	20	2	1	10
2016	8	13	0	18	20	3	1	5
2016	8	13	0	19	34	3	1	30
2016	8	13	0	19	35	2	1	25
2016	8	13	0	19	49	3	1	20
2016	8	13	0	19	50	2	1	20
2016	8	13	0	20	3	7	1	30
2016	8	13	0	20	14	3	-	35
2016	8	13	0	20	24	7	1	10
2016	8	13	0	20	47	1	1	35
2016	8	13	0	21	22	7	1	20
2016	8	13	0	21	29	2	1	30
2016	8	13	0	21	44	1	1	10
2016	8	13	0	21	44	3	1	10
2016	8	13	0	21	44	6	1	15
2016	8	13	0	21	56	3	-	45
2016	8	13	0	22	13	3	1	5
2016	8	13	0	22	13	7	1	10
2016	8	13	0	22	57	2	-	15
2016	8	13	0	22	57	3	-	20
2016	8	13	0	23	15	7	1	20
2016	8	13	0	23	34	1	1	35
2016	8	13	0	23	34	3	1	20
2016	8	13	0	23	34	6	-	35
2016	8	13	0	23	57	6	1	20
2016	8	13	0	24	2	2	1	10
2016	8	13	0	24	2	7	1	40
2016	8	13	0	24	11	7	1	25
2016	8	13	0	24	20	3	1	45
2016	8	13	0	24	49	7	1	20
2016	8	13	0	24	58	1	1	0
2016	8	13	0	24	58	2	1	10
2016	8	13	0	24	58	3	1	10
2016	8	13	0	24	58	6	1	0
2016	8	13	0	25	20	7	1	35
2016	8	13	0	26	13	1	-	-30
2016	8	13	0	26	13	6	-	-40
2016	8	13	0	26	14	2	-	-30
2016	8	13	0	26	14	3	-	-40
2016	8	13	0	26	14	3	1	30
2016	8	13	0	27	54	1	1	0
2016	8	13	0	27	54	6	1	5
2016	8	13	0	27	55	7	1	10
2016	8	13	0	28	1	7	1	40
2016	8	13	0	28	29	7	1	50
2016	8	13	0	28	38	7	1	15
2016	8	13	0	28	48	2	1	30
2016	8	13	0	28	48	3	1	10
2016	8	13	0	29	1	1	1	5
2016	8	13	0	29	1	6	1	-5
2016	8	13	0	29	3	3	1	5
2016	8	13	0	29	13	7	-	5
2016	8	13	0	30	10	3	1	35
2016	8	13	0	30	52	6	1	40
2016	8	13	0	30	53	7	-	5
2016	8	13	0	31	12	3	1	30
2016	8	13	0	31	25	3	-	30
2016	8	13	0	31	31	6	1	30
2016	8	13	0	31	34	1	1	20
2016	8	13	0	31	34	7	1	5
2016	8	13	0	31	35	6	1	10
2016	8	13	0	31	36	3	1	15
2016	8	13	0	32	9	1	1	20
2016	8	13	0	32	9	7	-	0
2016	8	13	0	32	20	6	1	30
2016	8	13	0	33	7	7	1	0
2016	8	13	0	34	10	2	1	40
2016	8	13	0	36	12	3	1	40
2016	8	13	0	36	17	1	1	15
2016	8	13	0	36	17	2	1	20
2016	8	13	0	36	17	3	1	5
2016	8	13	0	36	17	6	1	0
2016	8	13	0	36	27	1	1	0
2016	8	13	0	36	27	7	1	5
2016	8	13	0	36	50	2	1	20
2016	8	13	0	37	38	7	1	0
2016	8	13	0	37	48	1	-	50
2016	8	13	0	37	49	7	-	15
2016	8	13	0	39	7	7	1	5
2016	8	13	0	39	40	3	1	10
2016	8	13	0	39	40	7	-	5
2016	8	13	0	39	41	2	1	10
2016	8	13	0	39	51	3	1	40
2016	8	13	0	39	52	2	1	35
2016	8	13	0	41	5	2	1	20
2016	8	13	0	41	5	3	1	20
2016	8	13	0	41	5	6	1	20
2016	8	13	0	41	38	1	1	30
2016	8	13	0	41	46	3	1	20
2016	8	13	0	41	47	6	1	20
2016	8	13	0	41	58	7	1	5
2016	8	13	0	41	59	2	1	15
2016	8	13	0	42	17	2	1	30
2016	8	13	0	42	17	7	1	5
2016	8	13	0	42	56	6	-	35
2016	8	13	0	43	40	1	1	30
2016	8	13	0	43	41	1	1	35
2016	8	13	0	43	41	3	1	35
2016	8	13	0	43	41	6	1	25
2016	8	13	0	43	52	3	1	15
2016	8	13	0	43	52	7	1	5
2016	8	13	0	44	6	1	1	20
2016	8	13	0	44	6	6	1	10
2016	8	13	0	44	22	7	-	5
2016	8	13	0	44	47	2	1	25
2016	8	13	0	45	37	3	1	45
2016	8	13	0	55	23	2	1	0
2016	8	13	0	56	0	2	1	15
2016	8	13	0	56	34	7	1	0
2016	8	13	0	56	46	7	1	30
2016	8	13	0	56	47	2	1	5
2016	8	13	0	58	45	7	1	10
2016	8	13	0	58	52	3	1	10
2016	8	13	0	59	19	1	1	5
2016	8	13	0	59	19	2	1	15
2016	8	13	0	59	19	3	1	10
2016	8	13	0	59	19	7	-	-15
2016	8	13	0	59	53	3	1	10
2016	8	13	0	59	54	2	1	30
2016	8	13	0	0	40	3	1	5
2016	8	13	0	0	40	3	1	10
2016	8	13	1	1	29	2	1	20
2016	8	13	1	1	59	2	1	15
2016	8	13	1	1	59	3	1	10
2016	8	13	1	2	15	6	1	35
2016	8	13	1	3	34	1	1	20
2016	8	13	1	3	35	2	1	25
2016	8	13	1	3	36	3	1	5
2016	8	13	1	3	38	2	1	15
2016	8	13	1	3	41	1	1	35
2016	8	13	1	4	37	2	-	30
2016	8	13	1	4	41	7	-	-15
2016	8	13	1	5	6	2	1	10
2016	8	13	1	5	7	6	-	35
2016	8	13	1	5	53	1	-	45
2016	8	13	1	5	55	3	1	20
2016	8	13	1	6	5	7	1	10
2016	8	13	1	6	6	1	1	5
2016	8	13	1	6	55	7	1	30
2016	8	13	1	7	10	7	1	20
2016	8	13	1	7	30	1	1	10
2016	8	13	1	7	30	3	1	-5
2016	8	13	1	7	30	6	1	-10
2016	8	13	1	7	30	7	1	10
2016	8	13	1	8	8	6	1	40
2016	8	13	1	8	18	3	-	40
2016	8	13	1	8	24	7	1	0
2016	8	13	1	8	36	3	1	5
2016	8	13	1	8	36	7	1	-10
2016	8	13	1	8	37	1	1	10
2016	8	13	1	8	39	2	1	10
2016	8	13	1	9	5	2	1	10
2016	8	13	1	9	5	3	1	5
2016	8	13	1	9	5	7	1	10
2016	8	13	1	9	28	6	1	5
2016	8	13	1	9	35	1	1	25
2016	8	13	1	9	42	6	1	30
2016	8	13	1	9	50	7	-	10
2016	8	13	1	9	57	2	1	10
2016	8	13	1	10	3	1	1	20
2016	8	13	1	10	3	7	1	20
2016	8	13	1	10	10	7	1	40
2016	8	13	1	10	39	1	1	20
2016	8	13	1	10	39	3	1	10
2016	8	13	1	10	39	6	1	10
2016	8	13	1	10	54	7	1	40
2016	8	13	1	10	56	1	1	0
2016	8	13	1	10	59	7	1	20
2016	8	13	1	11	10	3	1	30
2016	8	13	1	11	36	1	1	30
2016	8	13	1	11	48	7	1	15
2016	8	13	1	11	53	2	1	30
2016	8	13	1	12	12	6	-	40
2016	8	13	1	12	14	7	1	40
2016	8	13	1	12	26	1	1	40
2016	8	13	1	12	31	2	1	20
2016	8	13	1	12	44	2	1	25
2016	8	13	1	12	58	1	-	45
2016	8	13	1	12	59	7	1	-10
2016	8	13	1	13	41	1	1	15
2016	8	13	1	13	41	2	1	15
2016	8	13	1	13	41	3	1	10
2016	8	13	1	13	41	6	-	0
2016	8	13	1	13	41	6	1	10
2016	8	13	1	14	9	1	1	-10
2016	8	13	1	14	9	3	1	15
2016	8	13	1	14	22	6	-	30
2016	8	13	1	14	33	1	1	5
2016	8	13	1	14	33	7	1	0
2016	8	13	1	14	38	1	1	40
2016	8	13	1	15	1	2	1	30
2016	8	13	1	15	5	1	-	35
2016	8	13	1	15	6	6	-	35
2016	8	13	1	15	6	7	-	30
2016	8	13	1	15	35	6	1	20
2016	8	13	1	15	52	1	1	50
2016	8	13	1	16	9	7	1	30
2016	8	13	1	16	43	1	-	30
2016	8	13	1	17	35	2	-	35
2016	8	13	1	17	35	3	-	40
2016	8	13	1	18	19	7	1	20
2016	8	13	1	18	20	2	1	25
2016	8	13	1	18	20	3	-	5
2016	8	13	1	18	22	3	-	0
2016	8	13	1	18	25	6	1	45
2016	8	13	1	18	59	7	1	40
2016	8	13	1	19	27	1	1	20
2016	8	13	1	19	27	2	1	20
2016	8	13	1	19	27	3	-	10
2016	8	13	1	19	27	6	1	0
2016	8	13	1	20	28	7	1	55
2016	8	13	1	20	36	3	-	30
2016	8	13	1	20	42	7	1	45
2016	8	13	1	20	49	1	1	-15
2016	8	13	1	20	49	3	1	0
2016	8	13	1	20	49	6	1	-15
2016	8	13	1	21	14	7	1	30
2016	8	13	1	21	18	3	1	5
2016	8	13	1	21	19	2	1	0
2016	8	13	1	21	51	7	1	30
2016	8	13	1	21	55	1	1	20
2016	8	13	1	21	55	6	1	-10
2016	8	13	1	22	3	1	1	40
2016	8	13	1	22	19	3	1	35
2016	8	13	1	22	30	3	1	50
2016	8	13	1	22	32	2	1	20
2016	8	13	1	22	38	7	1	30
2016	8	13	1	22	52	3	1	25
2016	8	13	1	22	59	3	1	10
2016	8	13	1	23	22	3	1	25
2016	8	13	1	23	22	7	1	40
2016	8	13	1	23	23	2	1	10
2016	8	13	1	23	30	7	1	40
2016	8	13	1	23	32	3	1	35
2016	8	13	1	23	59	2	1	40
2016	8	13	1	24	21	1	-	20
2016	8	13	1	24	21	6	-	-20
2016	8	13	1	24	24	1	1	0
2016	8	13	1	24	24	6	-	0
2016	8	13	1	24	33	1	-	35
2016	8	13	1	25	29	1	1	40
2016	8	13	1	26	3	1	1	30
2016	8	13	1	26	9	1	1	10
2016	8	13	1	26	9	6	1	5
2016	8	13	1	26	12	7	1	10
2016	8	13	1	26	30	1	-	30
2016	8	13	1	26	55	7	1	30
2016	8	13	1	27	19	3	1	45
2016	8	13	1	27	19	6	1	35
2016	8	13	1	27	33	3	1	-5
2016	8	13	1	27	33	7	1	0
2016	8	13	1	27	37	6	1	20
2016	8	13	1	27	38	7	1	40
2016	8	13	1	28	33	1	-	50
2016	8	13	1	28	37	6	1	5
2016	8	13	1	28	38	1	1	0
2016	8	13	1	28	48	7	1	20
2016	8	13	1	28	59	3	1	10
2016	8	13	1	29	9	3	-	40
2016	8	13	1	29	26	1	1	25
2016	8	13	1	29	26	3	1	15
2016	8	13	1	29	52	1	-	20
2016	8	13	1	29	52	6	-	5
2016	8	13	1	29	52	7	1	10
2016	8	13	1	30	46	7	1	20
2016	8	13	1	30	58	1	1	-10
2016	8	13	1	30	58	6	1	-10
2016	8	13	1	31	0	3	1	0
2016	8	13	1	31	28	7	1	-10
2016	8	13	1	32	9	1	-	35
2016	8	13	1	32	10	7	1	10
2016	8	13	1	33	12	2	1	10
2016	8	13	1	33	12	3	1	0
2016	8	13	1	33	13	7	1	20
2016	8	13	1	34	14	1	1	15
2016	8	13	1	34	14	2	1	10
2016	8	13	1	34	14	3	1	15
2016	8	13	1	34	14	6	1	0
2016	8	13	1	34	33	7	1	0
2016	8	13	1	34	55	6	1	10
2016	8	13	1	34	56	2	1	15
2016	8	13	1	34	56	3	1	5
2016	8	13	1	34	56	7	1	10
2016	8	13	1	34	57	2	1	10
2016	8	13	1	35	52	1	1	25
2016	8	13	1	35	52	6	1	10
2016	8	13	1	35	54	1	1	30
2016	8	13	1	35	55	6	1	15
2016	8	13	1	36	8	1	1	35
2016	8	13	1	36	23	7	1	10
2016	8	13	1	36	26	3	-	35
2016	8	13	1	36	34	6	1	30
2016	8	13	1	37	36	1	-	-10
2016	8	13	1	37	36	3	-	10
2016	8	13	1	37	58	7	1	0
2016	8	13	1	37	59	3	1	10
2016	8	13	1	38	1	3	1	10
2016	8	13	1	38	1	6	1	-10
2016	8	13	1	38	2	1	1	-5
2016	8	13	1	38	2	2	1	15
2016	8	13	1	38	23	1	1	20
2016	8	13	1	38	33	1	1	10
2016	8	13	1	38	33	6	1	5
2016	8	13	1	39	20	2	1	20
2016	8	13	1	39	20	3	1	20
2016	8	13	1	39	20	7	1	10
2016	8	13	1	40	0	7	1	20
2016	8	13	1	40	10	6	-	40
2016	8	13	1	40	15	1	1	-10
2016	8	13	1	40	15	3	1	-5
2016	8	13	1	40	16	6	1	-10
2016	8	13	1	40	35	1	1	25
2016	8	13	1	40	37	7	1	40
2016	8	13	1	40	52	1	1	5
2016	8	13	1	40	52	3	1	5
2016	8	13	1	40	52	6	1	-5
2016	8	13	1	40	53	1	1	30
2016	8	13	1	41	7	3	-	35
2016	8	13	1	41	28	1	1	20
2016	8	13	1	41	37	6	1	10
2016	8	13	1	41	38	1	1	5
2016	8	13	1	41	39	3	1	5
2016	8	13	1	41	39	7	1	20
2016	8	13	1	41	54	7	1	0
2016	8	13	1	41	56	3	-	10
2016	8	13	1	42	12	2	1	45
2016	8	13	1	43	22	6	-	25
2016	8	13	1	43	42	6	1	35
2016	8	13	1	43	54	7	1	30
2016	8	13	1	44	4	1	1	20
2016	8	13	1	44	14	7	1	20
2016	8	13	1	44	49	7	-	20
2016	8	13	1	44	53	3	1	5
2016	8	13	1	44	53	6	1	10
2016	8	13	1	44	54	2	1	20
2016	8	13	1	45	37	7	1	40
2016	8	13	1	45	40	3	1	35
2016	8	13	1	45	40	6	1	35
2016	8	13	1	45	44	7	1	20
2016	8	13	1	46	4	7	1	10
2016	8	13	1	46	5	2	1	30
2016	8	13	1	46	5	3	-	30
2016	8	13	1	46	6	7	1	20
2016	8	13	1	46	52	1	-	40
2016	8	13	1	47	12	3	1	50
2016	8	13	1	48	3	3	1	40
2016	8	13	1	48	26	1	1	30
2016	8	13	1	48	26	3	1	20
2016	8	13	1	48	26	6	1	15
2016	8	13	1	48	38	1	1	25
2016	8	13	1	48	38	3	1	30
2016	8	13	1	48	49	7	1	-20
2016	8	13	1	49	40	7	1	-40
2016	8	13	1	49	41	1	1	-40
2016	8	13	1	50	8	3	1	20
2016	8	13	1	50	8	6	1	15
2016	8	13	1	50	9	2	-	0
2016	8	13	1	50	9	3	1	10
2016	8	13	1	50	9	6	1	-5
2016	8	13	1	50	10	1	-	0
2016	8	13	1	50	10	7	1	40
2016	8	13	1	50	17	1	1	15
2016	8	13	1	50	17	3	1	10
2016	8	13	1	51	5	7	1	40
2016	8	13	1	51	46	7	1	10
2016	8	13	1	52	0	6	-	40
2016	8	13	1	52	3	2	1	20
2016	8	13	1	52	3	3	1	40
2016	8	13	1	52	9	1	-	15
2016	8	13	1	52	12	7	-	10
2016	8	13	1	52	38	1	-	35
2016	8	13	1	52	38	6	-	40
2016	8	13	1	52	59	1	1	20
2016	8	13	1	52	59	6	1	20
2016	8	13	1	52	59	7	1	20
2016	8	13	1	53	18	1	1	20
2016	8	13	1	53	18	3	-	10
2016	8	13	1	53	18	6	1	20
2016	8	13	1	53	43	2	1	15
2016	8	13	1	54	23	1	1	30
2016	8	13	1	54	37	1	1	15
2016	8	13	1	54	37	6	1	15
2016	8	13	1	54	37	7	1	10
2016	8	13	1	54	38	6	-	0
2016	8	13	1	54	44	3	1	10
2016	8	13	1	54	52	6	-	0
