-0.4	2016	8	11	19	3	36.010	54.8	41.8
-0.5	2016	8	11	19	5	57.100	213.7	39.8
0.1	2016	8	11	19	8	33.550	253.4	55.6
-0.6	2016	8	11	19	10	29.350	353.2	15.1
1.3	2016	8	11	19	12	25.870	353.4	61.8
-1.1	2016	8	11	19	20	44.270	125.8	61.5
-1.1	2016	8	11	19	21	15.470	102.7	56.0
-0.9	2016	8	11	19	27	9.200	92.6	34.2
-0.6	2016	8	11	19	39	27.300	5.6	37.2
1.4	2016	8	11	19	46	29.140	179.4	41.3
-0.5	2016	8	11	19	48	13.270	189.4	58.9
0.3	2016	8	11	19	51	9.060	120.0	31.8
-1.5	2016	8	11	19	52	0.990	118.2	21.2
-0.6	2016	8	11	20	2	26.310	172.2	44.6
0.9	2016	8	11	20	6	39.760	256.7	59.0
-1.1	2016	8	11	20	7	55.090	249.1	81.7
-1.4	2016	8	11	20	16	0.220	199.4	42.0
-0.1	2016	8	11	20	25	55.660	2.5	22.2
-0.0	2016	8	11	20	31	8.040	157.4	28.8
-0.2	2016	8	11	20	33	52.500	294.8	44.6
0.8	2016	8	11	20	35	29.450	349.1	81.0
0.3	2016	8	11	20	37	11.970	210.4	70.6
-0.4	2016	8	11	20	38	14.240	243.3	31.0
0.9	2016	8	11	20	40	8.960	171.6	41.5
0.3	2016	8	11	20	42	45.350	333.8	15.3
0.1	2016	8	11	20	49	42.480	188.2	45.6
1.7	2016	8	11	20	50	18.550	210.4	71.8
0.6	2016	8	11	20	50	54.810	249.8	81.8
-0.6	2016	8	11	20	52	55.340	217.5	50.3
-1.5	2016	8	11	20	53	27.470	81.3	29.5
0.7	2016	8	11	20	55	12.020	202.5	69.2
0.6	2016	8	11	20	58	4.610	58.6	30.2
1.1	2016	8	11	21	8	3.400	212.2	29.9
1.1	2016	8	11	21	8	17.470	49.6	37.2
0.6	2016	8	11	21	10	26.660	50.0	41.8
0.9	2016	8	11	21	13	17.850	174.7	28.1
1.0	2016	8	11	21	13	57.120	328.3	65.1
1.0	2016	8	11	21	15	2.180	146.5	18.3
-1.4	2016	8	11	21	17	42.710	4.1	52.1
-0.4	2016	8	11	21	25	26.010	231.0	58.1
0.8	2016	8	11	21	25	55.210	112.3	66.1
0.3	2016	8	11	21	26	36.280	101.8	21.7
-0.6	2016	8	11	21	26	47.010	204.7	48.9
-0.6	2016	8	11	21	28	3.600	160.0	67.9
-0.2	2016	8	11	21	29	48.800	205.7	42.8
0.1	2016	8	11	21	34	44.050	336.3	78.6
-0.9	2016	8	11	21	36	14.330	9.8	51.4
-1.0	2016	8	11	21	37	17.590	267.4	22.4
-1.9	2016	8	11	21	37	29.390	81.2	79.9
-0.7	2016	8	11	21	37	37.660	187.5	35.2
-1.4	2016	8	11	21	37	44.390	359.6	24.8
-2.5	2016	8	11	21	38	25.720	226.1	58.1
-1.8	2016	8	11	21	40	59.780	305.8	37.7
-1.6	2016	8	11	21	45	24.190	255.2	55.7
-2.1	2016	8	11	21	50	9.570	340.4	65.3
-0.6	2016	8	11	21	53	2.620	276.4	17.3
-1.8	2016	8	11	21	53	33.160	13.0	28.4
-2.3	2016	8	11	21	55	13.970	270.0	34.5
0.3	2016	8	11	21	56	0.170	259.2	43.1
-1.7	2016	8	11	21	56	12.230	156.8	81.2
-1.1	2016	8	11	21	57	44.560	255.9	53.2
-0.7	2016	8	11	21	57	57.290	273.6	16.9
0.0	2016	8	11	22	2	16.410	278.6	50.1
1.2	2016	8	11	22	6	27.820	162.4	55.5
0.1	2016	8	11	22	6	46.680	157.1	76.0
-1.2	2016	8	11	22	7	38.410	198.1	66.0
0.4	2016	8	11	22	13	15.330	2.9	57.5
-0.9	2016	8	11	22	14	49.590	290.4	15.0
-1.2	2016	8	11	22	15	36.010	22.2	26.3
-0.5	2016	8	11	22	16	35.140	270.1	48.9
0.5	2016	8	11	22	19	9.190	261.1	40.0
-0.9	2016	8	11	22	19	23.730	198.4	47.0
-0.5	2016	8	11	22	20	40.060	79.7	52.8
-1.1	2016	8	11	22	20	58.450	140.0	16.3
-2.0	2016	8	11	22	22	5.850	152.3	37.6
1.2	2016	8	11	22	24	27.380	2.0	18.1
-0.1	2016	8	11	22	25	22.150	29.0	26.7
1.1	2016	8	11	22	26	16.220	271.2	38.0
-0.6	2016	8	11	22	28	3.280	174.7	40.8
0.7	2016	8	11	22	28	41.880	205.0	68.2
-0.7	2016	8	11	22	29	6.410	5.9	17.9
-0.1	2016	8	11	22	31	48.530	274.8	62.8
-2.0	2016	8	11	22	34	54.390	242.4	69.8
1.1	2016	8	11	22	36	5.940	60.5	12.8
0.5	2016	8	11	22	36	10.540	152.8	73.7
-2.4	2016	8	11	22	36	25.680	288.8	28.7
0.5	2016	8	11	22	37	58.540	318.1	23.4
-0.7	2016	8	11	22	38	27.070	203.4	49.2
-2.2	2016	8	11	22	43	1.050	351.4	37.5
-0.8	2016	8	11	22	43	29.580	232.7	66.6
1.0	2016	8	11	22	43	55.320	214.6	37.5
1.5	2016	8	11	22	44	0.110	199.4	41.8
-0.4	2016	8	11	22	44	13.910	172.6	38.0
0.6	2016	8	11	22	44	50.050	229.9	37.5
0.4	2016	8	11	22	45	31.330	234.9	16.1
-1.1	2016	8	11	22	46	59.990	172.8	62.0
0.8	2016	8	11	22	47	14.990	214.2	34.9
-2.3	2016	8	11	22	48	20.990	64.8	33.5
-1.7	2016	8	11	22	49	41.580	349.0	55.7
1.0	2016	8	11	22	50	41.580	200.2	50.2
-0.0	2016	8	11	22	52	3.240	5.8	22.5
-0.7	2016	8	11	22	52	36.710	196.4	40.0
-1.6	2016	8	11	22	53	34.770	11.8	21.1
0.4	2016	8	11	22	54	38.770	57.9	50.5
0.0	2016	8	11	22	55	58.450	337.2	49.7
0.5	2016	8	11	22	56	35.180	195.8	65.2
-1.0	2016	8	11	22	57	13.840	56.7	73.9
-0.1	2016	8	11	22	58	29.510	169.2	42.0
-1.0	2016	8	11	23	1	13.960	27.7	73.8
-2.0	2016	8	11	23	1	32.700	135.7	53.3
-1.6	2016	8	11	23	1	49.230	317.6	23.4
0.3	2016	8	11	23	2	18.090	340.4	62.5
-1.9	2016	8	11	23	2	26.630	321.6	36.8
0.4	2016	8	11	23	2	56.960	253.2	59.1
-1.8	2016	8	11	23	3	5.360	25.3	50.9
0.8	2016	8	11	23	3	32.350	251.0	32.7
0.5	2016	8	11	23	3	35.890	134.2	14.7
1.3	2016	8	11	23	4	30.480	273.9	15.4
0.4	2016	8	11	23	4	57.020	53.1	16.6
-0.0	2016	8	11	23	6	6.290	237.8	25.7
0.7	2016	8	11	23	9	49.280	291.9	27.8
-1.0	2016	8	11	23	10	3.950	166.4	76.3
0.8	2016	8	11	23	10	18.810	28.1	57.7
-0.1	2016	8	11	23	10	43.610	210.4	42.1
-0.7	2016	8	11	23	11	34.080	283.3	17.2
0.1	2016	8	11	23	12	9.870	211.3	36.7
0.9	2016	8	11	23	12	14.810	223.6	43.6
-0.8	2016	8	11	23	12	36.540	307.2	26.1
0.8	2016	8	11	23	13	49.530	71.7	76.9
-1.5	2016	8	11	23	14	12.330	80.7	80.7
-0.7	2016	8	11	23	14	32.600	245.1	14.3
-0.7	2016	8	11	23	15	7.420	88.2	13.5
-1.4	2016	8	11	23	15	19.090	119.5	31.2
0.3	2016	8	11	23	15	22.620	29.9	62.7
-1.7	2016	8	11	23	15	48.750	17.5	39.1
-1.2	2016	8	11	23	16	2.680	244.4	40.8
0.4	2016	8	11	23	17	43.540	203.4	43.5
-1.4	2016	8	11	23	17	50.150	160.8	75.4
-0.6	2016	8	11	23	18	19.210	120.2	30.0
-0.2	2016	8	11	23	18	46.810	172.1	42.0
-0.2	2016	8	11	23	19	26.470	316.8	43.4
-1.6	2016	8	11	23	19	33.540	83.5	17.3
0.3	2016	8	11	23	20	42.730	39.4	56.2
-2.4	2016	8	11	23	20	46.400	59.8	19.6
-2.0	2016	8	11	23	20	52.730	23.7	30.7
-0.8	2016	8	11	23	21	29.270	301.1	33.8
-0.3	2016	8	11	23	21	42.460	349.6	52.6
-0.8	2016	8	11	23	22	1.600	291.2	28.2
-1.8	2016	8	11	23	22	15.400	310.3	62.0
-1.0	2016	8	11	23	24	40.720	0.1	40.0
-0.4	2016	8	11	23	24	58.790	110.0	68.2
0.2	2016	8	11	23	25	13.740	274.7	81.8
-1.7	2016	8	11	23	25	24.070	103.0	47.6
0.2	2016	8	11	23	26	2.470	214.6	37.8
-0.4	2016	8	11	23	26	39.600	5.0	48.5
-0.4	2016	8	11	23	27	17.060	23.1	18.4
-0.7	2016	8	11	23	27	39.590	152.0	68.3
-0.7	2016	8	11	23	28	22.920	3.8	20.5
-1.0	2016	8	11	23	29	19.850	239.5	21.9
-0.9	2016	8	11	23	29	50.920	8.0	65.9
-0.6	2016	8	11	23	31	15.450	69.1	22.5
-2.3	2016	8	11	23	31	36.580	65.1	36.9
-2.0	2016	8	11	23	32	7.780	96.5	46.4
0.6	2016	8	11	23	32	33.980	203.6	43.9
-1.2	2016	8	11	23	33	0.910	59.6	70.3
-0.5	2016	8	11	23	33	9.040	245.7	16.5
-1.4	2016	8	11	23	33	56.110	3.2	42.2
0.7	2016	8	11	23	34	21.900	263.2	40.9
-1.9	2016	8	11	23	35	21.850	97.9	38.7
-2.6	2016	8	11	23	35	49.180	32.2	55.6
-0.5	2016	8	11	23	36	28.780	14.4	26.6
-0.1	2016	8	11	23	36	52.380	309.3	42.8
-1.4	2016	8	11	23	37	13.050	235.5	37.9
1.2	2016	8	11	23	37	24.310	182.9	50.0
-2.4	2016	8	11	23	38	6.440	316.8	58.2
-1.6	2016	8	11	23	38	10.240	89.4	51.8
0.0	2016	8	11	23	39	36.640	80.1	23.0
-1.0	2016	8	11	23	40	50.370	196.1	52.6
-0.8	2016	8	11	23	41	15.300	358.6	33.4
0.8	2016	8	11	23	41	58.230	249.3	70.8
1.0	2016	8	11	23	42	59.760	276.5	64.3
-1.4	2016	8	11	23	43	30.760	135.8	17.7
-0.8	2016	8	11	23	46	35.080	94.9	47.6
-0.5	2016	8	11	23	46	42.080	92.1	26.8
-0.7	2016	8	11	23	47	23.140	46.7	51.5
-0.3	2016	8	11	23	48	36.070	46.6	22.6
-0.0	2016	8	11	23	49	7.130	82.4	43.6
-1.1	2016	8	11	23	50	2.530	159.8	63.7
-1.8	2016	8	11	23	51	14.460	132.8	45.9
-0.2	2016	8	11	23	51	28.590	130.4	63.7
0.5	2016	8	11	23	53	4.190	246.4	68.9
0.6	2016	8	11	23	53	8.920	235.6	21.0
-0.2	2016	8	11	23	53	27.250	211.8	49.6
-0.7	2016	8	11	23	54	6.250	239.2	17.6
0.7	2016	8	11	23	54	39.050	1.7	24.0
-1.2	2016	8	11	23	59	53.900	114.0	82.3
0.8	2016	8	12	0	0	7.230	244.2	15.8
0.5	2016	8	12	0	0	19.300	33.8	30.1
-1.0	2016	8	12	0	0	52.160	10.8	46.8
-0.9	2016	8	12	0	1	9.560	61.9	17.4
-1.1	2016	8	12	0	1	13.630	81.2	51.6
-0.7	2016	8	12	0	1	59.490	233.5	59.5
-1.0	2016	8	12	0	2	3.020	102.2	23.4
-0.9	2016	8	12	0	2	22.160	47.2	29.0
-1.9	2016	8	12	0	3	9.550	235.7	88.3
0.8	2016	8	12	0	3	20.950	144.0	41.9
-0.4	2016	8	12	0	4	17.550	310.4	27.4
-1.3	2016	8	12	0	4	40.210	114.5	64.0
-1.4	2016	8	12	0	5	28.280	357.4	83.3
-1.1	2016	8	12	0	7	14.340	78.1	32.5
-0.0	2016	8	12	0	7	59.470	327.9	62.9
0.2	2016	8	12	0	8	10.670	345.5	34.1
-0.8	2016	8	12	0	8	16.870	96.9	16.7
-0.1	2016	8	12	0	8	47.070	41.0	33.5
-0.4	2016	8	12	0	8	50.400	29.7	63.0
-0.6	2016	8	12	0	8	58.600	1.9	50.1
0.5	2016	8	12	0	9	59.800	309.6	25.9
-0.6	2016	8	12	0	10	35.800	169.1	71.9
-1.1	2016	8	12	0	11	33.530	249.0	65.9
-1.0	2016	8	12	0	12	37.990	108.9	32.6
-0.6	2016	8	12	0	12	58.190	220.7	21.8
-1.1	2016	8	12	0	13	59.780	12.0	72.5
-0.1	2016	8	12	0	14	33.180	259.9	43.3
-0.6	2016	8	12	0	14	46.580	318.0	86.7
-2.2	2016	8	12	0	15	0.580	285.9	35.2
-1.7	2016	8	12	0	15	9.940	92.3	71.2
0.3	2016	8	12	0	15	18.140	38.7	60.6
-2.8	2016	8	12	0	15	25.740	253.2	34.8
-1.7	2016	8	12	0	15	36.670	348.5	48.0
0.6	2016	8	12	0	16	37.530	62.0	30.2
-1.3	2016	8	12	0	17	2.860	38.0	47.1
-1.1	2016	8	12	0	17	6.660	266.2	45.3
-2.1	2016	8	12	0	17	20.200	191.4	55.7
-1.1	2016	8	12	0	19	3.990	31.7	78.2
0.6	2016	8	12	0	20	4.050	198.8	50.1
-0.0	2016	8	12	0	20	42.050	44.5	46.0
-1.5	2016	8	12	0	21	25.580	52.1	29.5
-0.6	2016	8	12	0	22	34.040	327.4	34.2
-1.3	2016	8	12	0	23	19.380	331.1	59.2
-2.0	2016	8	12	0	23	29.840	39.9	25.3
0.6	2016	8	12	0	24	25.840	247.1	23.5
-0.5	2016	8	12	0	24	44.440	68.2	18.3
-0.6	2016	8	12	0	25	27.320	158.8	59.2
-0.6	2016	8	12	0	25	33.660	175.4	38.1
-0.4	2016	8	12	0	25	39.260	83.2	58.0
-1.3	2016	8	12	0	26	50.250	89.3	62.1
-1.6	2016	8	12	0	27	4.180	316.3	42.1
-0.4	2016	8	12	0	27	35.980	287.1	76.0
-0.5	2016	8	12	0	27	50.320	3.9	55.1
-1.9	2016	8	12	0	28	34.910	137.8	30.5
-0.4	2016	8	12	0	28	40.310	59.5	76.5
-2.1	2016	8	12	0	28	52.310	84.1	61.0
-0.9	2016	8	12	0	30	6.840	203.3	38.6
1.0	2016	8	12	0	30	23.440	290.2	25.5
0.2	2016	8	12	0	30	47.500	159.4	44.5
1.0	2016	8	12	0	32	43.560	63.0	14.7
-1.0	2016	8	12	0	35	3.640	295.8	16.8
-1.5	2016	8	12	0	36	49.500	63.8	50.8
0.8	2016	8	12	0	38	4.160	315.5	23.5
-0.6	2016	8	12	0	39	0.230	25.2	36.4
-0.3	2016	8	12	0	39	34.430	73.6	82.9
-1.4	2016	8	12	0	40	0.760	289.9	31.0
-0.8	2016	8	12	0	40	39.750	287.5	59.9
-1.2	2016	8	12	0	40	58.950	290.9	38.1
0.6	2016	8	12	0	41	57.680	312.8	21.8
0.6	2016	8	12	0	42	8.880	293.7	66.7
-0.8	2016	8	12	0	42	21.220	138.0	26.0
0.1	2016	8	12	0	43	45.080	169.5	63.5
-1.4	2016	8	12	0	44	9.810	154.0	48.0
-0.4	2016	8	12	0	44	49.610	299.0	21.1
-0.3	2016	8	12	0	46	27.490	87.4	35.8
-3.0	2016	8	12	0	46	53.820	56.8	52.8
-2.4	2016	8	12	0	47	32.890	351.3	31.2
-0.9	2016	8	12	0	47	48.220	240.2	43.5
-2.4	2016	8	12	0	48	28.880	345.6	73.1
0.7	2016	8	12	0	49	56.810	81.2	49.6
1.5	2016	8	12	0	51	40.470	247.0	39.4
-1.6	2016	8	12	0	52	22.670	111.3	61.0
-0.8	2016	8	12	0	53	59.400	273.9	68.9
-0.1	2016	8	12	0	55	18.140	83.9	34.7
0.1	2016	8	12	0	55	35.810	228.6	49.4
-2.1	2016	8	12	0	56	18.540	148.1	54.0
-0.9	2016	8	12	0	56	39.340	235.7	76.1
-0.7	2016	8	12	0	57	3.070	300.7	36.7
-0.8	2016	8	12	0	57	28.140	202.2	76.5
0.4	2016	8	12	0	58	39.130	234.4	47.2
-0.1	2016	8	12	0	59	13.600	71.1	17.6
-0.8	2016	8	12	1	0	5.390	329.9	61.8
-0.5	2016	8	12	1	1	33.260	297.5	44.5
-0.4	2016	8	12	1	3	11.250	171.6	53.9
-0.9	2016	8	12	1	3	15.250	170.3	53.5
-0.2	2016	8	12	1	3	27.380	246.0	24.4
-1.4	2016	8	12	1	4	58.180	99.2	60.5
-0.5	2016	8	12	1	6	51.790	186.9	61.6
-2.7	2016	8	12	1	7	25.060	273.6	72.1
0.1	2016	8	12	1	8	1.250	221.6	70.6
0.7	2016	8	12	1	8	5.720	344.5	22.8
0.1	2016	8	12	1	8	32.250	204.9	45.2
-1.1	2016	8	12	1	8	44.050	115.0	63.5
-0.2	2016	8	12	1	10	50.850	222.0	19.7
-1.2	2016	8	12	1	11	15.110	88.6	35.3
-2.0	2016	8	12	1	11	50.510	305.4	36.0
0.0	2016	8	12	1	13	30.100	167.4	29.2
-1.1	2016	8	12	1	13	40.040	242.2	36.9
-1.4	2016	8	12	1	14	18.830	113.8	18.0
0.4	2016	8	12	1	15	55.380	116.0	35.4
-0.4	2016	8	12	1	16	24.310	95.4	56.7
0.1	2016	8	12	1	17	22.580	311.3	50.1
0.2	2016	8	12	1	20	42.830	102.0	35.0
-0.8	2016	8	12	1	20	50.960	327.5	20.1
1.7	2016	8	12	1	22	7.290	198.4	37.7
0.8	2016	8	12	1	22	20.820	287.9	39.4
-1.0	2016	8	12	1	22	45.620	342.4	26.3
1.4	2016	8	12	1	23	34.950	74.6	33.1
0.0	2016	8	12	1	24	24.080	341.9	24.6
-2.1	2016	8	12	1	25	0.820	25.5	39.2
0.3	2016	8	12	1	25	21.640	103.8	17.4
0.8	2016	8	12	1	26	4.970	120.2	17.5
0.9	2016	8	12	1	26	50.030	156.5	38.1
0.5	2016	8	12	1	27	53.690	358.5	27.6
-0.8	2016	8	12	1	28	3.760	87.5	53.6
0.2	2016	8	12	1	28	25.430	239.2	40.0
-0.7	2016	8	12	1	29	21.950	179.0	43.5
0.8	2016	8	12	1	30	14.150	41.6	16.7
0.0	2016	8	12	1	32	25.210	241.7	23.6
0.1	2016	8	12	1	32	48.280	71.4	49.8
-2.0	2016	8	12	1	34	12.210	167.0	41.0
-1.1	2016	8	12	1	34	17.070	232.4	43.0
0.0	2016	8	12	1	34	35.540	163.4	23.0
-0.8	2016	8	12	1	35	24.750	142.3	71.0
-0.3	2016	8	12	1	35	42.280	135.1	75.1
-0.0	2016	8	12	1	35	58.010	265.4	66.2
0.3	2016	8	12	1	37	23.270	112.5	23.0
-0.3	2016	8	12	1	37	37.140	271.7	36.7
0.2	2016	8	12	1	37	45.410	171.5	78.1
-0.6	2016	8	12	1	37	53.270	121.0	60.2
-0.6	2016	8	12	1	40	3.660	315.2	54.9
-0.6	2016	8	12	1	40	48.730	13.3	58.9
-0.6	2016	8	12	1	41	10.130	333.0	45.5
-1.4	2016	8	12	1	41	20.390	158.4	75.9
-1.3	2016	8	12	1	42	12.660	339.6	63.8
-1.1	2016	8	12	1	43	9.250	148.8	52.8
1.5	2016	8	12	1	44	56.510	46.1	30.8
-0.3	2016	8	12	1	46	3.730	27.4	65.2
1.0	2016	8	12	1	47	20.930	123.0	34.0
-1.6	2016	8	12	1	47	30.530	298.5	42.0
-2.1	2016	8	12	1	48	18.730	110.0	68.0
-1.0	2016	8	12	1	49	32.660	327.0	32.1
-1.7	2016	8	12	1	50	13.590	341.1	62.1
-0.8	2016	8	12	1	50	37.450	342.4	14.9
0.4	2016	8	12	1	50	51.520	5.0	62.0
0.6	2016	8	12	1	51	13.380	334.3	27.8
-1.8	2016	8	12	1	51	49.180	111.2	85.2
-1.3	2016	8	12	1	52	32.110	2.6	29.2
-0.6	2016	8	12	1	53	2.380	283.8	36.5
-0.4	2016	8	12	1	54	30.710	290.3	43.8
-0.3	2016	8	12	18	59	58.440	237.8	48.5
-1.9	2016	8	12	19	4	30.300	107.9	49.5
-0.0	2016	8	12	19	10	23.210	109.0	59.5
-1.7	2016	8	12	19	21	30.500	103.0	75.0
-0.3	2016	8	12	19	41	30.490	193.0	40.4
0.5	2016	8	12	19	47	37.270	78.0	18.3
-0.2	2016	8	12	21	40	59.440	134.4	33.5
-1.2	2016	8	12	21	42	48.900	345.0	49.8
-1.3	2016	8	12	21	44	4.030	241.3	65.8
2.6	2016	8	12	21	46	55.550	85.1	32.7
-0.7	2016	8	12	21	49	11.150	173.3	32.7
-1.4	2016	8	12	21	50	30.340	325.1	30.4
-0.8	2016	8	12	21	51	56.600	125.9	85.2
-1.1	2016	8	12	21	51	59.800	8.9	52.3
-0.9	2016	8	12	21	55	44.320	257.2	30.7
-1.2	2016	8	12	21	58	3.780	72.7	14.1
-1.2	2016	8	12	21	59	18.510	337.5	39.8
1.1	2016	8	12	21	59	40.640	95.6	56.1
-0.6	2016	8	12	21	59	51.370	54.3	20.4
-2.2	2016	8	12	22	0	37.370	167.6	50.4
-2.3	2016	8	12	22	2	24.100	38.8	76.4
-1.4	2016	8	12	22	10	0.410	159.4	49.6
-1.2	2016	8	12	22	16	27.580	312.8	46.9
-1.0	2016	8	12	22	16	56.710	253.6	66.9
-0.7	2016	8	12	22	17	15.650	220.8	29.5
-1.9	2016	8	12	22	18	16.580	312.7	55.2
1.2	2016	8	12	22	18	35.240	83.4	44.1
-0.0	2016	8	12	22	21	10.970	247.7	44.9
1.4	2016	8	12	22	24	9.090	313.6	55.7
0.6	2016	8	12	22	24	47.090	86.7	18.4
0.0	2016	8	12	22	25	28.080	315.5	32.4
-0.0	2016	8	12	22	26	11.680	41.7	26.7
-0.9	2016	8	12	22	27	15.940	100.5	17.6
0.2	2016	8	12	22	28	25.070	20.8	68.7
0.3	2016	8	12	22	28	49.400	31.5	61.1
-1.0	2016	8	12	22	31	38.060	247.8	58.3
0.5	2016	8	12	22	32	10.460	210.4	60.1
1.8	2016	8	12	22	32	10.460	5.8	42.8
-0.3	2016	8	12	22	37	23.110	143.8	30.5
-1.2	2016	8	12	22	40	51.490	270.1	34.8
0.2	2016	8	12	22	43	23.490	304.0	23.0
-1.2	2016	8	12	22	44	59.680	30.9	19.8
-2.0	2016	8	12	22	46	1.410	19.9	55.0
0.5	2016	8	12	22	46	46.470	135.4	26.8
0.6	2016	8	12	22	48	40.600	150.1	40.5
-1.6	2016	8	12	22	50	58.660	215.0	78.0
-1.4	2016	8	12	22	54	30.710	329.4	42.2
-1.5	2016	8	12	22	54	39.180	335.3	53.6
-0.6	2016	8	12	22	56	50.500	357.4	42.9
0.2	2016	8	12	22	57	19.040	296.3	47.8
-0.3	2016	8	12	22	57	47.230	271.6	33.0
-1.0	2016	8	12	23	1	26.560	254.9	67.4
-0.5	2016	8	12	23	1	26.560	61.9	14.3
0.8	2016	8	12	23	4	32.740	278.4	68.5
0.2	2016	8	12	23	6	28.740	331.8	54.2
-1.0	2016	8	12	23	6	58.540	255.7	72.6
-0.9	2016	8	12	23	9	8.260	254.3	31.4
-0.6	2016	8	12	23	10	5.120	68.6	45.9
0.7	2016	8	12	23	11	28.190	315.9	37.6
-0.3	2016	8	12	23	11	51.580	338.2	49.1
-2.5	2016	8	12	23	12	25.920	4.4	38.4
-0.5	2016	8	12	23	12	25.920	75.2	37.9
-0.9	2016	8	12	23	12	49.650	242.7	61.2
-0.8	2016	8	12	23	13	16.710	322.6	29.0
0.6	2016	8	12	23	13	31.380	133.8	16.9
-0.0	2016	8	12	23	14	24.640	165.7	52.2
-1.3	2016	8	12	23	16	19.500	98.1	44.1
-0.8	2016	8	12	23	17	31.430	12.9	71.6
0.8	2016	8	12	23	17	44.300	272.4	40.5
-1.4	2016	8	12	23	17	58.700	76.8	29.7
0.4	2016	8	12	23	18	2.360	211.0	78.0
-2.0	2016	8	12	23	18	50.690	16.1	22.9
-0.6	2016	8	12	23	20	45.020	110.0	43.9
-0.3	2016	8	12	23	21	40.150	233.4	26.8
-1.6	2016	8	12	23	25	2.940	226.5	74.3
-1.3	2016	8	12	23	25	55.330	69.2	56.1
-1.3	2016	8	12	23	30	58.250	62.9	54.7
-0.2	2016	8	12	23	31	21.110	331.6	71.6
0.2	2016	8	12	23	31	21.110	19.8	40.8
-0.5	2016	8	12	23	31	41.450	56.2	54.2
-1.4	2016	8	12	23	31	50.250	62.8	22.5
-3.0	2016	8	12	23	32	41.640	352.8	38.3
-0.7	2016	8	12	23	32	51.980	51.7	19.6
-0.6	2016	8	12	23	35	11.700	177.3	66.7
-1.2	2016	8	12	23	35	27.900	93.8	76.0
-0.9	2016	8	12	23	35	50.100	49.6	88.8
-0.7	2016	8	12	23	36	21.630	268.4	37.4
1.0	2016	8	12	23	39	9.620	72.3	27.3
0.4	2016	8	12	23	41	35.080	260.5	36.5
-1.8	2016	8	12	23	42	11.940	301.1	25.0
-1.0	2016	8	12	23	43	33.200	96.1	32.4
-2.5	2016	8	12	23	51	56.570	291.0	67.8
-0.3	2016	8	12	23	53	20.240	34.6	64.0
-1.2	2016	8	12	23	54	17.430	93.1	32.5
0.7	2016	8	12	23	55	30.560	13.1	16.0
0.1	2016	8	12	23	56	15.090	272.4	23.0
0.2	2016	8	12	23	56	56.620	328.9	42.9
-0.4	2016	8	12	23	57	13.820	81.6	38.9
-1.6	2016	8	12	23	57	31.490	161.8	53.1
-1.1	2016	8	12	23	57	53.890	26.2	44.3
0.3	2016	8	12	23	58	8.890	26.2	51.9
1.3	2016	8	12	23	59	2.420	330.4	60.9
0.1	2016	8	12	23	59	37.550	234.8	28.8
-0.9	2016	8	13	0	0	47.880	179.2	59.9
-1.9	2016	8	13	0	1	25.540	19.8	30.6
-1.2	2016	8	13	0	3	33.600	39.2	76.4
-0.5	2016	8	13	0	6	52.320	111.2	71.3
0.4	2016	8	13	0	7	36.120	279.6	70.2
-0.3	2016	8	13	0	8	5.180	351.6	77.4
-2.2	2016	8	13	0	10	17.240	123.5	48.9
-2.3	2016	8	13	0	10	36.640	343.4	45.7
-1.3	2016	8	13	0	10	36.640	282.8	30.7
-1.1	2016	8	13	0	11	35.840	258.8	32.6
0.9	2016	8	13	0	11	57.640	283.7	70.6
0.3	2016	8	13	0	12	7.630	240.5	67.2
-1.0	2016	8	13	0	13	29.760	273.4	31.9
0.8	2016	8	13	0	14	26.030	248.8	67.3
-0.7	2016	8	13	0	15	7.090	332.3	63.0
-0.1	2016	8	13	0	15	21.820	141.0	23.6
-2.0	2016	8	13	0	16	1.690	343.7	75.2
0.2	2016	8	13	0	16	7.690	108.8	75.3
0.4	2016	8	13	0	18	20.150	118.5	37.9
-1.3	2016	8	13	0	20	24.810	22.2	17.3
0.0	2016	8	13	0	21	44.470	308.4	43.1
-0.2	2016	8	13	0	21	44.470	221.7	31.6
-1.3	2016	8	13	0	22	13.470	82.5	44.3
0.5	2016	8	13	0	22	57.660	163.0	36.7
-1.2	2016	8	13	0	24	58.720	192.8	51.2
-2.7	2016	8	13	0	26	12.850	261.8	52.1
0.9	2016	8	13	0	26	12.850	154.4	33.2
-1.1	2016	8	13	0	27	55.180	250.6	24.3
-0.7	2016	8	13	0	28	48.310	180.3	55.6
-1.8	2016	8	13	0	29	1.440	262.5	36.4
-0.2	2016	8	13	0	30	53.830	5.1	28.1
-1.5	2016	8	13	0	31	35.030	325.6	65.1
0.1	2016	8	13	0	32	10.230	354.0	42.2
0.2	2016	8	13	0	32	56.560	358.5	17.6
-0.6	2016	8	13	0	35	40.550	225.5	20.0
-1.4	2016	8	13	0	36	17.610	304.8	65.6
-1.4	2016	8	13	0	36	27.610	34.8	46.8
-1.7	2016	8	13	0	39	40.870	133.0	29.7
-0.5	2016	8	13	0	41	5.530	260.5	65.3
0.7	2016	8	13	0	41	38.600	326.9	35.4
1.2	2016	8	13	0	41	47.330	252.3	52.6
0.7	2016	8	13	0	43	42.320	298.3	79.7
-1.1	2016	8	13	0	43	51.860	77.9	49.1
-1.2	2016	8	13	0	44	6.650	296.3	49.1
0.8	2016	8	13	0	44	32.650	229.6	34.4
-0.2	2016	8	13	0	46	56.380	142.9	77.9
0.3	2016	8	13	0	47	6.440	227.1	64.7
0.1	2016	8	13	0	47	35.170	220.3	50.4
-2.7	2016	8	13	0	47	43.440	15.7	17.6
-1.7	2016	8	13	0	50	23.430	219.9	38.3
-0.2	2016	8	13	0	52	1.890	134.5	42.3
0.0	2016	8	13	0	53	26.220	236.9	81.2
-2.4	2016	8	13	0	55	22.610	79.3	76.6
-0.7	2016	8	13	0	56	0.140	119.0	36.5
-1.5	2016	8	13	0	56	46.470	133.0	52.2
-0.1	2016	8	13	0	58	52.330	252.0	37.7
-1.8	2016	8	13	0	59	19.130	52.7	81.3
0.1	2016	8	13	0	59	53.530	274.1	86.2
1.7	2016	8	13	1	2	54.980	91.5	27.3
-1.0	2016	8	13	1	3	35.380	199.5	68.6
-0.3	2016	8	13	1	3	35.380	117.5	60.9
-1.2	2016	8	13	1	6	5.710	31.6	30.6
-1.8	2016	8	13	1	7	29.700	343.8	51.2
-1.2	2016	8	13	1	8	24.560	45.9	21.4
-1.8	2016	8	13	1	8	36.500	124.6	77.2
-0.8	2016	8	13	1	9	4.700	141.5	46.2
1.2	2016	8	13	1	9	28.290	224.5	49.9
0.4	2016	8	13	1	9	57.090	177.1	40.6
-0.0	2016	8	13	1	10	3.490	6.7	37.9
-1.2	2016	8	13	1	10	39.690	277.5	39.3
-1.2	2016	8	13	1	10	56.420	21.3	29.1
-0.5	2016	8	13	1	11	10.490	194.0	82.1
-1.8	2016	8	13	1	12	59.610	72.0	24.4
-0.9	2016	8	13	1	13	41.280	272.9	70.8
-2.0	2016	8	13	1	14	8.810	174.6	42.5
1.0	2016	8	13	1	14	22.480	267.2	59.1
-1.8	2016	8	13	1	14	33.340	38.6	59.1
0.1	2016	8	13	1	15	26.470	14.1	34.8
0.2	2016	8	13	1	18	19.930	98.0	56.8
-2.0	2016	8	13	1	20	49.120	319.7	47.1
-2.4	2016	8	13	1	21	18.920	138.5	36.3
-0.3	2016	8	13	1	21	55.250	328.0	58.0
1.5	2016	8	13	1	21	55.250	46.3	28.9
0.8	2016	8	13	1	23	21.980	138.1	53.9
-0.5	2016	8	13	1	24	21.240	307.4	67.2
-1.8	2016	8	13	1	24	24.840	314.4	30.7
0.5	2016	8	13	1	26	4.170	346.5	40.4
-0.9	2016	8	13	1	26	9.570	242.5	42.4
0.6	2016	8	13	1	26	30.100	314.9	24.9
-1.9	2016	8	13	1	27	33.500	122.1	30.2
0.2	2016	8	13	1	27	37.500	216.3	37.1
-0.2	2016	8	13	1	28	38.220	317.2	30.5
0.5	2016	8	13	1	29	26.960	217.2	42.4
-0.5	2016	8	13	1	29	52.290	309.2	45.1
-2.1	2016	8	13	1	30	58.550	288.5	34.1
-1.5	2016	8	13	1	31	28.950	49.5	19.1
-1.0	2016	8	13	1	33	13.010	137.1	44.8
-0.1	2016	8	13	1	34	14.670	231.3	40.4
-1.3	2016	8	13	1	34	33.540	12.2	31.7
-1.1	2016	8	13	1	34	56.800	158.4	46.2
-0.7	2016	8	13	1	35	52.870	235.1	21.9
0.3	2016	8	13	1	35	52.870	290.8	55.6
-0.0	2016	8	13	1	36	24.000	19.1	39.9
-0.8	2016	8	13	1	37	36.990	26.9	71.7
0.0	2016	8	13	1	37	51.330	162.7	20.4
-0.7	2016	8	13	1	37	59.390	129.2	43.0
-0.5	2016	8	13	1	38	33.720	246.3	32.8
0.7	2016	8	13	1	40	0.990	7.6	35.7
-2.0	2016	8	13	1	40	16.320	289.1	53.0
-1.4	2016	8	13	1	40	53.050	283.7	39.8
0.4	2016	8	13	1	41	29.110	319.7	28.3
-0.5	2016	8	13	1	41	38.450	320.0	56.5
1.6	2016	8	13	1	44	49.570	44.4	53.3
-0.2	2016	8	13	1	44	54.230	230.1	79.6
0.6	2016	8	13	1	45	45.030	353.5	29.8
0.5	2016	8	13	1	46	5.560	50.0	73.6
-0.6	2016	8	13	1	46	5.560	63.4	32.2
-0.1	2016	8	13	1	46	38.030	328.2	45.0
0.5	2016	8	13	1	47	51.020	239.6	29.0
0.4	2016	8	13	1	48	26.950	253.3	54.5
0.8	2016	8	13	1	48	38.750	298.8	54.8
-1.5	2016	8	13	1	48	49.690	43.0	18.8
-2.1	2016	8	13	1	49	39.220	9.7	34.5
-0.5	2016	8	13	1	50	18.210	222.3	85.0
-0.4	2016	8	13	1	51	47.010	63.7	21.9
0.8	2016	8	13	1	52	10.340	341.7	30.6
-0.0	2016	8	13	1	53	18.870	287.5	28.1
-0.6	2016	8	13	1	54	38.530	18.2	67.2
-0.0	2016	8	13	1	56	4.790	222.0	60.8
0.2	2016	8	13	1	58	38.850	155.2	46.7
-1.1	2016	8	13	1	59	16.380	308.3	20.3
-0.8	2016	8	13	1	59	20.980	305.6	16.0
0.3	2016	8	13	1	59	20.980	271.6	16.4
-1.8	2016	8	13	2	1	53.510	46.3	36.4
-0.4	2016	8	13	2	2	7.510	258.2	54.9
-0.5	2016	8	13	2	2	59.570	145.1	73.7
-1.2	2016	8	13	2	2	59.570	16.7	59.6
-1.0	2016	8	13	2	4	34.430	33.0	49.3
-0.1	2016	8	13	2	7	22.950	235.2	24.1
-0.2	2016	8	13	2	9	33.940	332.3	44.3
-0.1	2016	8	13	2	4	9.030	54.8	54.6
-1.2	2016	8	13	1	38	2.320	194.2	81.6
0.2	2016	8	13	1	26	12.630	359.4	25.3
-0.7	2016	8	13	0	47	9.110	226.3	87.9
0.2	2016	8	12	23	57	28.350	231.5	49.7
-0.7	2016	8	12	23	8	11.130	132.1	28.4
1.2	2016	8	12	23	8	11.130	191.2	65.0
